unix timestamp	doserate (uSv/h)	lat	lng	horizontal accuracy (radius of 68% confidence [m])	marker type (2-circle, 1-marker)	SE (1 Пѓ)[%]
1563515962	0.2278	53.664695740	37.134445190	3	2	14.0
1563515964	0.2545	53.664676666	37.134410858	4	2	13.июн
1563515968	0.2568	53.664676666	37.134365082	5	2	13.янв
1563515970	0.2746	53.664680481	37.134326935	5	2	13.0
1563515972	0.2545	53.664688110	37.134296417	5	2	13.0
1563515974	0.3617	53.664695740	37.134246826	5	2	11.янв
1563515978	0.3483	53.664703369	37.134189606	5	2	11.мар
1563515982	0.4376	53.664695740	37.134136200	4	2	10.янв
1563515986	0.3595	53.664691925	37.134086609	5	2	11.апр
1563515988	0.3640	53.664676666	37.134037018	5	2	11.май
1563515992	0.3751	53.664684296	37.133995056	5	2	11.июн
1563515994	0.3617	53.664684296	37.133960724	6	2	11.янв
1563515998	0.4019	53.664680481	37.133911133	5	2	10.май
1563516030	0.2947	53.664661407	37.133907318	4	2	12.апр
1563516054	0.3372	53.664634705	37.133930206	5	2	12.0
1563516056	0.3238	53.664642334	37.133964539	6	2	11.сен
1563516072	0.3104	53.664657593	37.133911133	5	2	12.апр
1563516098	0.2813	53.664638519	37.133914948	6	2	12.июл
1563516194	0.2345	53.664657593	37.133953094	12	2	13.июн
1563516214	0.2531	53.664638519	37.133968353	12	2	13.июл
1563516242	0.2144	53.664661407	37.133937836	27	2	15.фев
1563516252	0.1943	53.664600372	37.133991241	32	2	14.июл
1563516254	0.2032	53.664646149	37.133991241	26	2	14.июн
1563516264	0.2456	53.664630890	37.133945465	21	2	13.апр
1563516268	0.1786	53.664653778	37.133922577	27	2	16.фев
1563516274	0.2121	53.664630890	37.133964539	25	2	14.июн
1563516304	0.1920	53.664649963	37.133922577	15	2	15.июн
1563516310	0.2144	53.664630890	37.133937836	16	2	14.июн
1563516314	0.2434	53.664649963	37.133979797	17	2	13.фев
1563516342	0.2367	53.664634705	37.133949280	25	2	14.апр
1563516344	0.1786	53.664611816	37.133960724	27	2	16.фев
1563516348	0.2434	53.664653778	37.133899689	28	2	14.0
1563516374	0.2478	53.664634705	37.133934021	20	2	13.май
1563516388	0.2545	53.664604187	37.133941650	27	2	13.апр
1563516394	0.2233	53.664627075	37.133911133	19	2	14.янв
1563516398	0.2032	53.664630890	37.133872986	19	2	15.апр
1563516400	0.2345	53.664642334	37.133834839	17	2	13.янв
1563516404	0.1920	53.664627075	37.133880615	24	2	15.июн
1563516406	0.3081	53.664615631	37.133907318	19	2	12.мар
1563516410	0.2278	53.664592743	37.133914948	22	2	14.мар
1563516418	0.2144	53.664657593	37.133907318	16	2	14.июн
1563516440	0.2010	53.664638519	37.133941650	12	2	15.авг
1563516474	0.2233	53.664619446	37.133964539	16	2	14.апр
1563516488	0.2367	53.664638519	37.133949280	12	2	13.июл
1563516522	0.2077	53.664653778	37.133930206	14	2	14.мар
1563516528	0.2412	53.664623260	37.133922577	13	2	13.июл
1563516546	0.1987	53.664638519	37.133895874	13	2	14.июн
1563516564	0.2412	53.664657593	37.133872986	13	2	14.апр
1563516572	0.2345	53.664661407	37.133941650	20	2	14.0
1563516574	0.1987	53.664680481	37.133903503	19	2	15.фев
1563516584	0.1831	53.664669037	37.133872986	20	2	15.июн
1563516604	0.2389	53.664627075	37.133930206	28	2	13.янв
1563516612	0.2144	53.664608002	37.133953094	23	2	14.июл
1563516614	0.2345	53.664627075	37.133918762	19	2	14.янв
1563516712	0.2412	53.664649963	37.133934021	27	2	13.июн
1563516814	0.2188	53.664657593	37.133975983	17	2	14.мар
1563516818	0.2032	53.664695740	37.133949280	19	2	14.апр
1563516846	0.2746	53.664653778	37.133949280	12	2	13.апр
1563516946	0.2099	53.664669037	37.133922577	11	2	14.сен
1563516954	0.1920	53.664680481	37.133892059	12	2	15.фев
1563517042	0.1809	53.664684296	37.133930206	30	2	16.фев
1563517170	0.2233	53.664657593	37.133895874	12	2	14.сен
1563517178	0.2300	53.664657593	37.133861542	15	2	14.сен
1563517186	0.1883	53.664653778	37.133903503	10	2	15.июн
1563517196	0.1831	53.664665222	37.133949280	26	2	16.апр
1563517202	0.2523	53.664688110	37.134021759	26	2	13.апр
1563517206	0.1965	53.664699554	37.134044647	25	2	15.апр
1563517210	0.1853	53.664669037	37.133991241	30	2	16.фев
1563517212	0.1719	53.664653778	37.133968353	33	2	16.фев
1563517216	0.2389	53.664684296	37.133968353	36	2	13.июл
1563517220	0.2858	53.664684296	37.134010315	26	2	12.мар
1563517232	0.1965	53.664676666	37.134052277	29	2	14.мар
1563517320	0.2010	53.664646149	37.133949280	21	2	15.фев
1563517418	0.2233	53.664672852	37.133964539	19	2	14.янв
1563517442	0.2211	53.664672852	37.133930206	13	2	14.сен
1563517548	0.2389	53.664684296	37.133964539	26	2	13.фев
1563517552	0.2345	53.664688110	37.133926392	19	2	13.май
1563517562	0.2144	53.664680481	37.133865356	16	2	15.апр
1563517564	0.1898	53.664661407	37.133842468	23	2	14.мар
1563517566	0.2925	53.664642334	37.133884430	20	2	12.июн
1563517580	0.2233	53.664653778	37.133918762	6	2	13.сен
1563519351	0.4778	53.664653778	37.133922577	3	2	not provided
1563519518	0.3975	53.664669037	37.133884430	3	2	10.июн
1563519547	0.3729	53.664676666	37.133918762	17	2	11.апр
1563519550	0.4421	53.664642334	37.133895874	19	2	10.янв
1563519557	0.3215	53.664680481	37.133861542	11	2	12.янв
1563519561	0.2568	53.664703369	37.133823395	9	2	13.май
1563519565	0.3014	53.664718628	37.133804321	9	2	12.фев
1563519569	0.3707	53.664745331	37.133777618	9	2	11.май
1563519571	0.3930	53.664764404	37.133762360	9	2	10.июл
1563519573	0.3528	53.664775848	37.133735657	8	2	11.мар
1563519577	0.3081	53.664791107	37.133697510	9	2	12.янв
1563519581	0.3885	53.664798737	37.133636475	8	2	10.июл
1563519583	0.3796	53.664798737	37.133598328	8	2	11.июн
1563519585	0.3305	53.664794922	37.133563995	9	2	11.июн
1563519589	0.3394	53.664794922	37.133533478	9	2	11.май
1563519593	0.3037	53.664772034	37.133544922	8	2	12.апр
1563519615	0.3439	53.664787292	37.133560181	8	2	11.апр
1563519619	0.3372	53.664802551	37.133579254	7	2	11.сен
1563519623	0.3193	53.664821625	37.133590698	7	2	12.фев
1563519627	0.3215	53.664840698	37.133636475	8	2	11.авг
1563519641	0.3394	53.664855957	37.133598328	7	2	11.июн
1563519663	0.3037	53.664833069	37.133617401	6	2	12.янв
1563519667	0.3215	53.664825439	37.133647919	7	2	11.авг
1563519679	0.3349	53.664836884	37.133625031	4	2	11.май
1563519703	0.3841	53.664829254	37.133659363	6	2	10.авг
1563519707	0.2858	53.664798737	37.133678436	7	2	12.июл
1563519711	0.2724	53.664779663	37.133663177	7	2	13.май
1563519715	0.3751	53.664760590	37.133712769	8	2	10.сен
1563519721	0.2925	53.664749146	37.133739471	7	2	12.июн
1563519723	0.3885	53.664730072	37.133762360	8	2	10.июл
1563519727	0.3416	53.664710999	37.133811951	9	2	11.сен
1563519729	0.3327	53.664688110	37.133842468	8	2	12.0
1563519733	0.3394	53.664665222	37.133876801	8	2	11.авг
1563519737	0.3260	53.664646149	37.133899689	8	2	11.сен
1563519741	0.3483	53.664672852	37.133899689	8	2	11.мар
1563519779	0.3081	53.664672852	37.133934021	7	2	12.янв
1563519791	0.2702	53.664691925	37.133934021	7	2	12.сен
1563519795	0.3171	53.664691925	37.133876801	7	2	11.сен
1563519797	0.3796	53.664699554	37.133850098	8	2	11.июн
1563519801	0.3975	53.664726257	37.133827209	7	2	10.июн
1563519805	0.3260	53.664756775	37.133804321	8	2	11.июл
1563519809	0.3059	53.664787292	37.133773804	8	2	12.мар
1563519813	0.3662	53.664806366	37.133739471	7	2	11.0
1563519817	0.3528	53.664806366	37.133686066	7	2	11.мар
1563519821	0.3439	53.664817810	37.133651733	7	2	11.апр
1563519825	0.3327	53.664840698	37.133628845	8	2	12.янв
1563519831	0.3439	53.664859772	37.133617401	7	2	11.апр
1563520009	0.3841	53.664867401	37.133590698	7	2	10.авг
1563520025	0.3930	53.664859772	37.133625031	7	2	10.июл
1563520061	0.2054	53.664875031	37.133663177	12	2	15.янв
1563522461	0.4198	53.664859772	37.133640289	2	2	10.мар
1563522487	0.3439	53.664848328	37.133613586	6	2	11.авг
1563522491	0.2746	53.664844513	37.133583069	7	2	12.апр
1563522495	0.3528	53.664844513	37.133537292	8	2	11.мар
1563522505	0.2858	53.664840698	37.133472443	8	2	13.янв
1563522517	0.2679	53.664821625	37.133487701	8	2	12.июл
1563522591	0.2054	53.664833069	37.133464813	5	2	14.июн
1563522761	0.1876	53.664848328	37.133510590	11	2	15.июн
1563522807	0.1570	53.664844513	37.133449554	10	2	16.сен
1563522839	0.1496	53.664848328	37.133491516	13	2	16.0
1563522853	0.2010	53.664825439	37.133495331	13	2	14.апр
1563522895	0.2679	53.664840698	37.133476257	7	2	13.май
1563522901	0.2724	53.664844513	37.133537292	6	2	12.авг
1563522905	0.3841	53.664840698	37.133602142	7	2	10.авг
1563522909	0.3081	53.664829254	37.133644104	6	2	12.июн
1563522913	0.3908	53.664817810	37.133689880	8	2	11.мар
1563522917	0.2791	53.664794922	37.133705139	8	2	12.май
1563522921	0.3885	53.664772034	37.133701324	6	2	10.июл
1563522925	0.3305	53.664756775	37.133754730	5	2	12.0
1563522927	0.3260	53.664737701	37.133769989	6	2	11.июл
1563522931	0.3305	53.664726257	37.133815765	7	2	11.июн
1563522933	0.3059	53.664718628	37.133846283	6	2	12.фев
1563522935	0.3483	53.664714813	37.133880615	7	2	11.мар
1563522939	0.3305	53.664699554	37.133937836	7	2	12.0
1563522941	0.3282	53.664691925	37.133968353	7	2	11.май
1563522943	0.3327	53.664680481	37.133998871	6	2	11.сен
1563522947	0.2791	53.664669037	37.134059906	7	2	12.май
1563522951	0.4019	53.664657593	37.134113312	8	2	10.май
1563522953	0.3394	53.664665222	37.134140015	7	2	12.апр
1563522955	0.3662	53.664680481	37.134174347	7	2	11.0
1563522957	0.4064	53.664684296	37.134208679	6	2	10.май
1563522959	0.3573	53.664672852	37.134239197	7	2	11.фев
1563522961	0.3193	53.664665222	37.134277344	7	2	12.фев
1563522965	0.2836	53.664657593	37.134334564	7	2	12.янв
1563522967	0.3037	53.664642334	37.134353638	7	2	12.мар
1563522969	0.2858	53.664642334	37.134387970	6	2	12.июл
1563522971	0.2300	53.664665222	37.134422302	7	2	14.мар
1563522973	0.2568	53.664684296	37.134445190	7	2	13.июл
1563522975	0.1898	53.664695740	37.134468079	6	2	15.фев
1563522977	0.2412	53.664714813	37.134487152	7	2	13.июн
1563522983	0.1786	53.664680481	37.134498596	7	2	15.июн
1563522989	0.1987	53.664714813	37.134532928	6	2	15.апр
1563522995	0.1987	53.664680481	37.134525299	8	2	15.авг
1563522999	0.2010	53.664661407	37.134536743	9	2	15.фев
1563523025	0.2188	53.664688110	37.134536743	7	2	14.янв
1563523033	0.1764	53.664710999	37.134552002	7	2	15.фев
1563523039	0.3059	53.664703369	37.134498596	8	2	12.фев
1563523041	0.2925	53.664680481	37.134475708	7	2	12.апр
1563523043	0.2635	53.664672852	37.134445190	8	2	13.апр
1563523045	0.2188	53.664657593	37.134422302	7	2	14.0
1563523049	0.2278	53.664665222	37.134384155	7	2	13.май
1563523053	0.3260	53.664680481	37.134357452	8	2	11.июл
1563523055	0.3528	53.664691925	37.134330750	7	2	11.мар
1563523057	0.3573	53.664695740	37.134296417	7	2	11.фев
1563523059	0.3528	53.664695740	37.134258270	8	2	11.мар
1563523061	0.3617	53.664691925	37.134227753	8	2	11.май
1563523063	0.3461	53.664695740	37.134181976	8	2	11.авг
1563523067	0.3059	53.664699554	37.134117126	8	2	12.июн
1563523069	0.3483	53.664710999	37.134090424	8	2	11.мар
1563523073	0.3394	53.664722443	37.134040833	9	2	11.май
1563523075	0.3215	53.664726257	37.134002686	8	2	11.авг
1563523077	0.3305	53.664733887	37.133972168	8	2	11.авг
1563523081	0.3305	53.664752960	37.133907318	9	2	11.июн
1563523082	0.3148	53.664764404	37.133861542	9	2	12.фев
1563523087	0.3483	53.664779663	37.133808136	9	2	11.мар
1563523088	0.2545	53.664794922	37.133789063	7	2	14.янв
1563523093	0.3573	53.664806366	37.133747101	6	2	11.апр
1563523095	0.3729	53.664821625	37.133716583	7	2	11.мар
1563523099	0.3193	53.664844513	37.133670807	9	2	12.мар
1563523101	0.3483	53.664852142	37.133636475	7	2	11.мар
1563523105	0.3394	53.664871216	37.133598328	7	2	11.май
1563523109	0.2925	53.664859772	37.133567810	7	2	13.0
1563523113	0.3372	53.664855957	37.133514404	8	2	11.июл
1563523116	0.3215	53.664852142	37.133476257	10	2	11.авг
1563523137	0.2456	53.664810181	37.133502960	11	2	14.сен
1563523147	0.2769	53.664829254	37.133464813	12	2	13.янв
1563523155	0.2211	53.664844513	37.133445740	13	2	14.мар
1563523172	0.2367	53.664833069	37.133483887	13	2	14.0
1563523180	0.2679	53.664829254	37.133434296	16	2	13.янв
1563523186	0.2635	53.664844513	37.133460999	17	2	13.0
1563523188	0.2166	53.664855957	37.133502960	16	2	14.сен
1563523194	0.2322	53.664840698	37.133541107	18	2	13.0
1563523223	0.2389	53.664852142	37.133506775	11	2	14.июл
1563523227	0.2501	53.664852142	37.133476257	14	2	13.май
1563523297	0.3707	53.664833069	37.133487701	4	2	11.0
1563525437	0.2032	53.664852142	37.133472443	6	2	13.сен
1563525447	0.3215	53.664848328	37.133529663	7	2	11.авг
1563525450	0.4064	53.664848328	37.133583069	6	2	10.май
1563525453	0.3171	53.664867401	37.133590698	7	2	12.июн
1563525455	0.4064	53.664886475	37.133583069	7	2	10.май
1563525457	0.3260	53.664909363	37.133575439	8	2	12.0
1563525458	0.3707	53.664920807	37.133556366	8	2	11.0
1563525463	0.3215	53.664913177	37.133506775	7	2	11.авг
1563525469	0.3416	53.664909363	37.133460999	8	2	11.сен
1563525478	0.2322	53.664897919	37.133491516	6	2	14.июн
1563525487	0.3975	53.664920807	37.133510590	5	2	10.июн
1563525489	0.3171	53.664939880	37.133502960	7	2	12.янв
1563525493	0.3126	53.664974213	37.133480072	6	2	12.0
1563525497	0.3707	53.664997101	37.133472443	7	2	11.0
1563525501	0.3215	53.665012360	37.133426666	8	2	11.авг
1563525505	0.3081	53.664974213	37.133419037	7	2	12.фев
1563525511	0.2568	53.664947510	37.133392334	8	2	13.июл
1563525515	0.2657	53.664932251	37.133384705	8	2	13.май
1563525665	0.3394	53.664951324	37.133388519	14	2	11.авг
1563525685	0.2657	53.664924622	37.133327484	15	2	13.июл
1563525694	0.2545	53.664924622	37.133293152	18	2	13.май
1563525701	0.3305	53.664932251	37.133354187	17	2	12.янв
1563525715	0.2813	53.664913177	37.133361816	11	2	12.июл
1563525723	0.2769	53.664916992	37.133396149	17	2	13.янв
1563525747	0.2679	53.664916992	37.133335114	15	2	13.янв
1563525789	0.3081	53.664943695	37.133365631	13	2	12.май
1563525804	0.2568	53.664924622	37.133350372	12	2	13.июл
1563525815	0.2322	53.664962769	37.133369446	22	2	14.0
1563525817	0.2769	53.664939880	37.133304596	15	2	12.июн
1563525831	0.3394	53.664932251	37.133338928	13	2	11.авг
1563525847	0.2746	53.664920807	37.133384705	16	2	12.сен
1563525905	0.3081	53.664939880	37.133449554	33	2	12.апр
1563525911	0.3193	53.664981842	37.133449554	26	2	12.фев
1563525913	0.3394	53.664958954	37.133438110	29	2	11.май
1563525920	0.1898	53.664978027	37.133426666	25	2	14.июл
1563525927	0.3037	53.664943695	37.133399963	22	2	12.сен
1563525929	0.2679	53.664913177	37.133399963	19	2	12.июн
1563525949	0.3305	53.664962769	37.133487701	30	2	12.янв
1563525973	0.2813	53.664928436	37.133434296	15	2	13.фев
1563525982	0.2590	53.664913177	37.133396149	22	2	13.май
1563526003	0.3349	53.664997101	37.133460999	46	2	11.май
1563526011	0.3305	53.664932251	37.133388519	40	2	12.янв
1563526019	0.2478	53.664947510	37.133373260	35	2	14.янв
1563526041	0.2657	53.664882660	37.133472443	58	2	13.янв
1563526045	0.3305	53.664909363	37.133369446	39	2	11.июн
1563526085	0.2702	53.664897919	37.133411407	14	2	12.сен
1563526093	0.2791	53.664905548	37.133380890	14	2	12.сен
1563526147	0.2836	53.664932251	37.133434296	44	2	12.июл
1563526149	0.3349	53.664970398	37.133441925	42	2	11.авг
1563526151	0.2679	53.664939880	37.133518219	48	2	13.0
1563526155	0.3327	53.664916992	37.133392334	26	2	12.0
1563526159	0.3439	53.664928436	37.133354187	22	2	11.апр
1563526167	0.2612	53.664947510	37.133380890	24	2	13.фев
1563526169	0.2925	53.664955139	37.133415222	24	2	12.фев
1563526173	0.2412	53.664974213	37.133361816	22	2	13.0
1563526177	0.2412	53.664936066	37.133407593	38	2	14.янв
1563526187	0.3148	53.664920807	37.133422852	25	2	11.май
1563526199	0.3394	53.664936066	37.133388519	21	2	11.май
1563526211	0.2724	53.664924622	37.133358002	10	2	12.апр
1563526853	0.3148	53.664928436	37.133399963	11	2	11.сен
1563526867	0.3126	53.664947510	37.133377075	11	2	12.0
1563527064	0.2412	53.664848328	37.133396149	27	2	13.фев
1563527364	0.3171	53.664970398	37.133274078	29	2	12.мар
1563527405	0.3148	53.664939880	37.133312225	12	2	12.июн
1563527425	0.2724	53.665008545	37.133407593	28	2	12.авг
1563527442	0.2367	53.664955139	37.133358002	10	2	13.0
1563527866	0.3305	53.664993286	37.133304596	9	2	11.июн
1563527876	0.2523	53.665039063	37.133304596	22	2	13.май
1563527878	0.2791	53.665019989	37.133293152	24	2	12.июл
1563527892	0.2635	53.665039063	37.133277893	24	2	12.сен
1563527894	0.3059	53.665058136	37.133258820	24	2	12.фев
1563527906	0.2724	53.665107727	37.133232117	23	2	13.июл
1563527918	0.2478	53.665161133	37.133232117	26	2	13.фев
1563528046	0.2478	53.665031433	37.133312225	10	2	13.май
1563528072	0.2679	53.664993286	37.133323669	8	2	12.авг
1563528085	0.2590	53.665023804	37.133193970	36	2	13.янв
1563528087	0.3037	53.665058136	37.133335114	37	2	12.мар
1563528091	0.2590	53.664985657	37.133285522	37	2	13.0
1563528095	0.3148	53.665012360	37.133285522	22	2	11.апр
1563528171	0.2322	53.664951324	37.133445740	46	2	13.июн
1563528196	0.2635	53.665027618	37.133239746	11	2	13.0
1563528250	0.2702	53.664993286	37.133277893	7	2	12.авг
1563528397	0.3037	53.665019989	37.133308411	7	2	12.мар
1563528619	0.2389	53.664966583	37.133342743	34	2	13.июл
1563528663	0.2858	53.665058136	37.133342743	7	2	12.май
1563528920	0.3573	53.665031433	37.133300781	8	2	11.фев
1563528928	0.3662	53.664989471	37.133316040	6	2	11.0
1563528932	0.2478	53.664993286	37.133346558	6	2	13.сен
1563528980	0.2925	53.665016174	37.133358002	5	2	12.фев
1563528992	0.2412	53.665039063	37.133369446	6	2	14.0
1563528998	0.3394	53.665035248	37.133411407	5	2	11.май
1563529000	0.3394	53.665016174	37.133419037	6	2	11.май
1563529002	0.3104	53.665000916	37.133434296	6	2	12.фев
1563529004	0.3997	53.664993286	37.133464813	6	2	11.янв
1563529006	0.3573	53.664978027	37.133491516	6	2	11.авг
1563529008	0.3595	53.664962769	37.133514404	5	2	11.май
1563529012	0.3707	53.664936066	37.133560181	6	2	11.0
1563529014	0.3684	53.664916992	37.133586884	5	2	11.май
1563529017	0.3595	53.664882660	37.133583069	5	2	11.май
1563529035	0.3841	53.664863586	37.133583069	5	2	10.авг
1563529049	0.3930	53.664882660	37.133605957	4	2	10.июл
1563529053	0.4555	53.664852142	37.133605957	5	2	09.сен
1563529165	0.3461	53.664836884	37.133590698	4	2	11.май
1563529173	0.3327	53.664833069	37.133621216	5	2	11.сен
1563529177	0.3885	53.664810181	37.133640289	5	2	10.июл
1563529181	0.3260	53.664783478	37.133686066	6	2	11.июл
1563529185	0.3729	53.664764404	37.133739471	6	2	11.май
1563529189	0.3885	53.664775848	37.133781433	5	2	10.июл
1563529205	0.2992	53.664798737	37.133789063	4	2	12.фев
1563529209	0.3260	53.664817810	37.133773804	3	2	12.фев
1563529213	0.3483	53.664848328	37.133789063	3	2	11.мар
1563529217	0.3952	53.664878845	37.133792877	3	2	11.янв
1563529221	0.3528	53.664901733	37.133792877	3	2	11.мар
1563529231	0.3751	53.664916992	37.133823395	3	2	11.мар
1563529235	0.3059	53.664936066	37.133857727	3	2	12.фев
1563529239	0.2903	53.664962769	37.133880615	3	2	13.май
1563529243	0.3617	53.664993286	37.133899689	3	2	11.янв
1563529247	0.3148	53.665016174	37.133914948	3	2	12.0
1563529251	0.3394	53.665027618	37.133941650	3	2	11.май
1563529257	0.3930	53.665008545	37.133972168	3	2	11.фев
1563529259	0.3573	53.664989471	37.133964539	4	2	11.фев
1563529263	0.3841	53.664962769	37.133972168	3	2	10.авг
1563529267	0.3416	53.664947510	37.133998871	3	2	11.июл
1563529271	0.3930	53.664932251	37.134037018	3	2	10.июл
1563529275	0.3729	53.664909363	37.134059906	3	2	11.мар
1563529279	0.3617	53.664886475	37.134082794	3	2	11.май
1563529283	0.3841	53.664871216	37.134101868	3	2	10.авг
1563529289	0.3573	53.664859772	37.134132385	3	2	11.фев
1563529293	0.3037	53.664871216	37.134181976	3	2	12.май
1563529297	0.3528	53.664882660	37.134227753	3	2	11.мар
1563529301	0.3439	53.664905548	37.134258270	3	2	11.апр
1563529305	0.3640	53.664897919	37.134304047	3	2	11.май
1563529309	0.2612	53.664901733	37.134334564	3	2	13.0
1563529313	0.3349	53.664878845	37.134365082	3	2	11.май
1563529315	0.3595	53.664859772	37.134357452	3	2	11.май
1563529319	0.3751	53.664844513	37.134323120	3	2	10.сен
1563529323	0.3282	53.664817810	37.134304047	3	2	12.апр
1563529325	0.4644	53.664806366	37.134277344	3	2	09.авг
1563529329	0.3707	53.664806366	37.134231567	3	2	11.0
1563529335	0.3439	53.664806366	37.134262085	4	2	11.апр
1563529339	0.3774	53.664829254	37.134277344	3	2	11.0
1563529347	0.3394	53.664852142	37.134277344	3	2	11.май
1563529349	0.4153	53.664867401	37.134300232	3	2	10.апр
1563529351	0.3059	53.664852142	37.134284973	3	2	12.апр
1563529353	0.4376	53.664833069	37.134269714	3	2	10.янв
1563529357	0.3796	53.664802551	37.134254456	3	2	10.авг
1563529361	0.3416	53.664779663	37.134281158	3	2	11.июл
1563529365	0.3617	53.664756775	37.134273529	3	2	11.янв
1563529369	0.3617	53.664733887	37.134284973	3	2	11.янв
1563529375	0.3707	53.664741516	37.134311676	3	2	11.0
1563529377	0.3394	53.664760590	37.134334564	3	2	11.авг
1563529381	0.3617	53.664775848	37.134365082	2	2	11.янв
1563529385	0.3305	53.664806366	37.134387970	3	2	11.сен
1563529389	0.3483	53.664821625	37.134429932	3	2	11.мар
1563529393	0.3394	53.664821625	37.134464264	3	2	11.май
1563529397	0.3595	53.664810181	37.134513855	3	2	11.0
1563529401	0.3975	53.664791107	37.134540558	3	2	10.июн
1563529405	0.3014	53.664772034	37.134548187	4	2	12.апр
1563529417	0.3148	53.664741516	37.134544373	3	2	12.июн
1563529437	0.2523	53.664722443	37.134510040	6	2	13.июл
1563529441	0.2501	53.664699554	37.134521484	6	2	12.июл
1563529455	0.2077	53.664722443	37.134540558	6	2	14.мар
1563529471	0.2077	53.664737701	37.134571075	6	2	14.сен
1563529487	0.1987	53.664726257	37.134601593	7	2	15.авг
1563529493	0.1987	53.664749146	37.134597778	5	2	14.янв
1563529499	0.1943	53.664768219	37.134574890	4	2	15.июн
1563529503	0.1719	53.664745331	37.134590149	6	2	14.сен
1563529525	0.2166	53.664737701	37.134552002	6	2	13.июн
1563529531	0.1876	53.664695740	37.134544373	5	2	16.фев
1563529545	0.2278	53.664714813	37.134555817	6	2	14.апр
1563529549	0.2166	53.664745331	37.134586334	6	2	14.апр
1563529557	0.1533	53.664760590	37.134567261	6	2	16.сен
1563529562	0.1809	53.664752960	37.134536743	6	2	15.авг
1563529566	0.1809	53.664741516	37.134510040	6	2	14.сен
1563529567	0.2478	53.664714813	37.134513855	6	2	13.фев
1563529582	0.1809	53.664730072	37.134536743	5	2	15.янв
1563529584	0.1965	53.664749146	37.134552002	6	2	14.сен
1563529604	0.2345	53.664726257	37.134521484	6	2	13.сен
1563529608	0.1920	53.664733887	37.134552002	7	2	14.янв
1563529624	0.2054	53.664749146	37.134590149	7	2	14.июл
1563529668	0.2121	53.664760590	37.134555817	5	2	14.июл
1563529672	0.2144	53.664737701	37.134544373	4	2	14.0
1563529676	0.2233	53.664749146	37.134586334	6	2	13.июн
1563529756	0.2032	53.664764404	37.134548187	6	2	14.мар
1563529762	0.2211	53.664741516	37.134555817	7	2	13.сен
1563529805	0.1518	53.664764404	37.134559631	6	2	16.сен
1563529832	0.1757	53.664745331	37.134590149	5	2	16.сен
1563529859	0.1928	53.664764404	37.134586334	8	2	16.сен
1563529927	0.1719	53.664783478	37.134578705	6	2	15.авг
1563529989	0.1786	53.664768219	37.134555817	5	2	15.янв
1563530045	0.1630	53.664752960	37.134582520	5	2	16.сен
1563530049	0.1652	53.664726257	37.134571075	6	2	16.апр
1563530069	0.1831	53.664741516	37.134597778	6	2	15.авг
1563530071	0.1719	53.664760590	37.134582520	6	2	16.фев
1563530093	0.1518	53.664745331	37.134571075	7	2	15.авг
1563530231	0.1786	53.664764404	37.134582520	5	2	16.июл
1563530283	0.1764	53.664791107	37.134578705	5	2	15.янв
1563530391	0.1682	53.664760590	37.134567261	5	2	15.авг
1563530449	0.2010	53.664745331	37.134605408	5	2	14.апр
1563530463	0.1831	53.664756775	37.134571075	5	2	16.0
1563530615	0.2144	53.664768219	37.134593964	4	2	14.0
1563530633	0.2278	53.664791107	37.134593964	3	2	13.июн
1563530731	0.2188	53.664772034	37.134574890	4	2	14.июл
1563530831	0.1764	53.664764404	37.134548187	5	2	16.0
1563530839	0.1548	53.664752960	37.134571075	6	2	16.сен
1563530881	0.3104	53.664730072	37.134567261	5	2	12.0
1563530901	0.2062	53.664752960	37.134559631	5	2	16.сен
1563530948	0.2032	53.664760590	37.134609222	7	2	13.сен
1563530978	0.2255	53.664775848	37.134582520	5	2	14.апр
1563531027	0.1965	53.664741516	37.134586334	5	2	15.фев
1563531095	0.1987	53.664722443	37.134574890	5	2	16.фев
1563531227	0.1563	53.664745331	37.134571075	5	2	16.сен
1563531319	0.1541	53.664726257	37.134597778	5	2	16.сен
1563531375	0.1422	53.664695740	37.134571075	6	2	16.сен
1563531377	0.1697	53.664676666	37.134552002	6	2	16.0
1563531393	0.1600	53.664699554	37.134540558	7	2	16.апр
1563531397	0.2858	53.664714813	37.134563446	6	2	12.июл
1563531485	0.2099	53.664733887	37.134552002	4	2	15.янв
1563531489	0.1697	53.664707184	37.134506226	6	2	16.июл
1563531497	0.1943	53.664714813	37.134536743	6	2	16.0
1563531503	0.2121	53.664688110	37.134517670	7	2	14.апр
1563531539	0.1853	53.664710999	37.134506226	8	2	15.фев
1563531545	0.2434	53.664730072	37.134544373	7	2	13.июн
1563531625	0.2099	53.664752960	37.134555817	5	2	14.июн
1563531647	0.1943	53.664772034	37.134517670	7	2	14.апр
1563531657	0.1965	53.664741516	37.134513855	6	2	15.янв
1563531679	0.1742	53.664722443	37.134513855	5	2	15.июн
1563531689	0.2188	53.664741516	37.134521484	4	2	14.0
1563531743	0.2590	53.664741516	37.134552002	6	2	13.фев
1563531775	0.2233	53.664714813	37.134540558	6	2	15.фев
1563531793	0.1511	53.664714813	37.134586334	7	2	16.апр
1563531861	0.2345	53.664745331	37.134552002	6	2	13.сен
1563531867	0.2032	53.664730072	37.134552002	6	2	14.янв
1563531961	0.3394	53.664726257	37.134506226	6	2	11.авг
1563532586	0.1898	53.664718628	37.134544373	4	2	14.июл
1563532750	0.2389	53.664737701	37.134510040	6	2	13.янв
1563532754	0.2412	53.664714813	37.134471893	6	2	14.янв
1563532756	0.2679	53.664707184	37.134441376	6	2	12.сен
1563532758	0.2345	53.664695740	37.134414673	6	2	14.апр
1563532762	0.3305	53.664669037	37.134414673	6	2	11.июн
1563532766	0.2724	53.664680481	37.134460449	7	2	12.авг
1563532768	0.2300	53.664684296	37.134490967	6	2	14.янв
1563532770	0.2389	53.664699554	37.134517670	7	2	13.июл
1563532776	0.2099	53.664726257	37.134536743	6	2	14.апр
1563532792	0.2300	53.664714813	37.134502411	6	2	14.янв
1563532796	0.2099	53.664688110	37.134460449	7	2	14.0
1563532800	0.2568	53.664653778	37.134426117	6	2	13.апр
1563532804	0.2501	53.664669037	37.134372711	6	2	13.0
1563532806	0.3885	53.664680481	37.134338379	7	2	10.июл
1563532810	0.3439	53.664684296	37.134292603	6	2	11.авг
1563532812	0.3461	53.664691925	37.134254456	7	2	11.июн
1563532814	0.3126	53.664695740	37.134212494	7	2	12.май
1563532816	0.3483	53.664699554	37.134178162	7	2	11.мар
1563532818	0.3171	53.664703369	37.134143829	7	2	12.янв
1563532820	0.3885	53.664714813	37.134109497	7	2	10.июл
1563532822	0.3126	53.664714813	37.134075165	6	2	12.апр
1563532824	0.3349	53.664718628	37.134037018	7	2	11.май
1563532826	0.3081	53.664718628	37.133998871	7	2	12.фев
1563532830	0.3528	53.664737701	37.133945465	7	2	11.мар
1563532832	0.3126	53.664749146	37.133914948	7	2	12.сен
1563532834	0.3282	53.664764404	37.133888245	8	2	12.0
1563532836	0.3885	53.664775848	37.133850098	7	2	10.июл
1563532838	0.3148	53.664783478	37.133823395	7	2	12.фев
1563532840	0.2568	53.664787292	37.133789063	8	2	13.фев
1563532844	0.4019	53.664791107	37.133716583	8	2	10.май
1563532846	0.3595	53.664806366	37.133686066	8	2	11.май
1563532848	0.2925	53.664825439	37.133663177	8	2	12.сен
1563532850	0.3751	53.664836884	37.133640289	7	2	10.сен
1563532854	0.3059	53.664859772	37.133617401	7	2	12.сен
1563532870	0.3617	53.664886475	37.133632660	6	2	11.янв
1563532872	0.3751	53.664897919	37.133598328	6	2	10.сен
1563532892	0.3930	53.664878845	37.133609772	6	2	10.июл
1563532898	0.3930	53.664901733	37.133617401	6	2	10.июл
1563532900	0.3930	53.664920807	37.133625031	6	2	10.июл
1563532902	0.4108	53.664939880	37.133636475	6	2	10.апр
1563532904	0.3751	53.664958954	37.133636475	7	2	11.апр
1563532908	0.3573	53.664993286	37.133605957	8	2	11.фев
1563533050	0.2702	53.665012360	37.133617401	7	2	12.апр
1563533092	0.3171	53.664997101	37.133632660	8	2	12.мар
1563533110	0.2345	53.664989471	37.133590698	17	2	14.апр
1563533111	0.2590	53.664981842	37.133556366	18	2	12.июл
1563533116	0.2434	53.664970398	37.133514404	18	2	14.0
1563533125	0.2590	53.664958954	37.133544922	20	2	13.апр
1563533145	0.2679	53.664951324	37.133613586	20	2	13.апр
1563533151	0.2545	53.664970398	37.133628845	14	2	13.май
1563533172	0.2278	53.664985657	37.133644104	14	2	15.фев
1563533184	0.2791	53.664966583	37.133647919	17	2	13.июл
1563533185	0.2345	53.664989471	37.133609772	16	2	13.июн
1563533189	0.2501	53.665016174	37.133594513	15	2	13.апр
1563533213	0.2992	53.664981842	37.133594513	16	2	12.июл
1563533247	0.3081	53.664932251	37.133590698	30	2	12.мар
1563533249	0.2791	53.664981842	37.133617401	19	2	12.авг
1563533258	0.2255	53.664993286	37.133575439	13	2	14.мар
1563533262	0.3014	53.664970398	37.133586884	13	2	12.мар
1563533268	0.2367	53.664970398	37.133621216	12	2	14.янв
1563533272	0.3104	53.664989471	37.133636475	13	2	12.фев
1563533302	0.2903	53.665008545	37.133651733	20	2	12.апр
1563533318	0.2590	53.664985657	37.133605957	12	2	13.июл
1563533384	0.3126	53.664985657	37.133575439	13	2	12.янв
1563533394	0.2568	53.664989471	37.133525848	16	2	13.фев
1563533404	0.2769	53.664955139	37.133525848	17	2	12.сен
1563533408	0.3528	53.664981842	37.133567810	15	2	11.июн
1563533414	0.2568	53.664993286	37.133514404	17	2	13.июн
1563533424	0.1987	53.665012360	37.133506775	21	2	14.0
1563533450	0.2523	53.664974213	37.133556366	16	2	13.апр
1563533452	0.2813	53.664993286	37.133586884	15	2	12.мар
1563533476	0.2635	53.664985657	37.133655548	21	2	13.янв
1563533500	0.3528	53.664989471	37.133625031	4	2	11.мар
1563535805	0.2992	53.665019989	37.133609772	6	2	12.май
1563535885	0.3707	53.665046692	37.133567810	7	2	11.мар
1563535889	0.3282	53.665077209	37.133563995	6	2	12.0
1563535893	0.3215	53.665092468	37.133541107	6	2	12.янв
1563535899	0.3483	53.665111542	37.133510590	6	2	11.авг
1563535903	0.3037	53.665134430	37.133480072	7	2	12.сен
1563535907	0.4019	53.665149689	37.133426666	6	2	10.май
1563535913	0.3171	53.665172577	37.133380890	6	2	12.0
1563535923	0.2657	53.665019989	37.133323669	28	2	13.фев
1563535925	0.2501	53.665142059	37.133258820	24	2	13.апр
1563535927	0.1987	53.665210724	37.133209229	24	2	16.0
1563536015	0.2233	53.665199280	37.133239746	5	2	13.сен
1563536058	0.3126	53.665142059	37.133277893	26	2	12.янв
1563536069	0.2836	53.665184021	37.133205414	15	2	12.мар
1563536109	0.2769	53.665161133	37.133213043	13	2	13.июл
1563536117	0.2568	53.665161133	37.133255005	18	2	13.апр
1563536125	0.3662	53.665142059	37.133274078	20	2	11.0
1563536128	0.2813	53.665126801	37.133258820	20	2	12.сен
1563536133	0.3014	53.665122986	37.133216858	18	2	12.янв
1563536134	0.3439	53.665122986	37.133186340	16	2	11.июн
1563536139	0.3640	53.665111542	37.133155823	15	2	11.апр
1563536151	0.3260	53.665122986	37.133125305	17	2	11.июл
1563536157	0.3081	53.665130615	37.133098602	16	2	12.0
1563536183	0.3193	53.665145874	37.133163452	24	2	11.сен
1563536191	0.4019	53.665130615	37.133140564	16	2	10.май
1563536199	0.2769	53.665138245	37.133193970	25	2	12.янв
1563536201	0.3327	53.665130615	37.133220673	28	2	11.сен
1563536202	0.3506	53.665115356	37.133285522	28	2	11.июн
1563536205	0.3796	53.665096283	37.133361816	30	2	10.авг
1563536206	0.3059	53.665073395	37.133380890	33	2	13.апр
1563536208	0.3662	53.665096283	37.133361816	27	2	11.0
1563536211	0.3416	53.665096283	37.133411407	28	2	11.сен
1563536213	0.3841	53.665111542	37.133377075	25	2	10.авг
1563536215	0.3037	53.665134430	37.133335114	21	2	12.мар
1563536223	0.3707	53.665149689	37.133285522	13	2	11.фев
1563536228	0.3483	53.665134430	37.133270264	17	2	11.мар
1563536243	0.3528	53.665119171	37.133247375	10	2	11.мар
1563536249	0.3238	53.665138245	37.133239746	15	2	11.июл
1563536254	0.3215	53.665115356	37.133243561	12	2	11.авг
1563536271	0.4466	53.665130615	37.133220673	11	2	10.0
1563536281	0.3148	53.665073395	37.133354187	34	2	12.фев
1563536283	0.3305	53.665096283	37.133342743	24	2	11.июн
1563536291	0.3662	53.665077209	37.133262634	14	2	11.0
1563536305	0.3104	53.665100098	37.133239746	16	2	12.фев
1563536315	0.2791	53.665119171	37.133209229	14	2	13.май
1563536321	0.3394	53.665138245	37.133220673	15	2	11.июл
1563536325	0.2813	53.665176392	37.133209229	14	2	12.апр
1563536337	0.3171	53.665142059	37.133235931	15	2	12.фев
1563536339	0.3104	53.665103912	37.133239746	15	2	12.0
1563536345	0.3483	53.665130615	37.133228302	14	2	11.июн
1563536357	0.3483	53.665115356	37.133243561	19	2	11.мар
1563536359	0.3461	53.665107727	37.133274078	18	2	11.июн
1563536367	0.3171	53.665073395	37.133266449	21	2	12.апр
1563536375	0.3640	53.665092468	37.133251190	16	2	11.апр
1563536377	0.3171	53.665111542	37.133239746	18	2	12.фев
1563536400	0.2970	53.665103912	37.133209229	15	2	12.июн
1563536406	0.2970	53.665088654	37.133251190	16	2	12.сен
1563536413	0.3528	53.665065765	37.133274078	15	2	11.мар
1563536417	0.3394	53.665054321	37.133312225	16	2	11.май
1563536433	0.3885	53.665073395	37.133346558	21	2	11.фев
1563536436	0.3148	53.665100098	37.133350372	18	2	12.апр
1563536445	0.3394	53.665096283	37.133289337	19	2	11.май
1563536451	0.3059	53.665069580	37.133293152	20	2	12.апр
1563536465	0.3483	53.665084839	37.133327484	23	2	11.мар
1563536469	0.2880	53.665077209	37.133388519	28	2	13.0
1563536471	0.3394	53.665054321	37.133411407	27	2	11.май
1563536477	0.3461	53.665054321	37.133380890	23	2	11.июл
1563536482	0.3372	53.665096283	37.133277893	15	2	11.сен
1563536486	0.3550	53.665096283	37.133308411	19	2	12.0
1563536495	0.2813	53.665061951	37.133335114	27	2	12.июн
1563536501	0.3528	53.665042877	37.133358002	25	2	11.мар
1563536503	0.3483	53.665019989	37.133380890	28	2	11.мар
1563536517	0.3930	53.665065765	37.133335114	18	2	11.фев
1563536523	0.3394	53.665050507	37.133270264	18	2	11.май
1563536525	0.2903	53.665088654	37.133270264	14	2	12.май
1563536533	0.2992	53.665126801	37.133258820	11	2	12.фев
1563538771	0.3349	53.665149689	37.133258820	2	2	11.май
1563539285	0.2233	53.665145874	37.133186340	29	2	13.июл
1563539723	0.3081	53.665149689	37.133243561	3	2	12.май
1563539745	0.2724	53.665126801	37.133304596	14	2	12.апр
1563539755	0.2925	53.665122986	37.133274078	12	2	12.июл
1563539761	0.3014	53.665138245	37.133243561	12	2	12.авг
1563539767	0.3796	53.665161133	37.133251190	11	2	10.авг
1563539819	0.2300	53.665168762	37.133289337	8	2	14.мар
1563539840	0.3059	53.665176392	37.133319855	8	2	12.апр
1563539846	0.3305	53.665164948	37.133354187	8	2	12.0
1563539850	0.3148	53.665164948	37.133392334	7	2	11.сен
1563539853	0.3617	53.665184021	37.133403778	9	2	11.янв
1563539857	0.3573	53.665172577	37.133445740	8	2	11.фев
1563539859	0.3528	53.665161133	37.133468628	8	2	11.мар
1563539863	0.3037	53.665145874	37.133495331	8	2	12.мар
1563539865	0.3550	53.665126801	37.133510590	8	2	11.май
1563539867	0.3104	53.665111542	37.133544922	9	2	12.фев
1563539871	0.3841	53.665096283	37.133594513	7	2	10.авг
1563539873	0.4287	53.665119171	37.133602142	8	2	10.фев
1563539875	0.3975	53.665134430	37.133621216	8	2	10.июн
1563539879	0.4108	53.665157318	37.133647919	7	2	10.апр
1563541717	0.3349	53.665142059	37.133682251	3	2	11.май
1563541730	0.3349	53.665180206	37.133689880	19	2	11.май
1563541738	0.3707	53.665119171	37.133743286	7	2	11.0
1563541757	0.3349	53.665149689	37.133796692	4	2	11.май
1563541761	0.3975	53.665130615	37.133754730	4	2	10.июн
1563541763	0.3729	53.665126801	37.133716583	4	2	11.сен
1563541769	0.4019	53.665134430	37.133743286	4	2	10.май
1563541773	0.3126	53.665153503	37.133785248	4	2	12.янв
1563541777	0.3439	53.665176392	37.133804321	4	2	11.апр
1563541781	0.4242	53.665195465	37.133834839	4	2	10.мар
1563541785	0.3662	53.665214539	37.133861542	4	2	11.0
1563541789	0.4064	53.665233612	37.133899689	4	2	10.май
1563541795	0.3975	53.665256500	37.133941650	4	2	10.июн
1563541799	0.3885	53.665290833	37.133937836	4	2	10.июл
1563541803	0.3707	53.665317535	37.133918762	4	2	11.0
1563541807	0.3662	53.665348053	37.133907318	4	2	11.0
1563541811	0.3573	53.665378571	37.133903503	3	2	11.апр
1563541813	0.3416	53.665397644	37.133888245	4	2	11.июл
1563541815	0.2858	53.665416718	37.133884430	3	2	12.июн
1563541819	0.2836	53.665451050	37.133911133	4	2	12.июл
1563541821	0.3662	53.665466309	37.133934021	3	2	11.0
1563541825	0.3506	53.665489197	37.133941650	3	2	11.сен
1563541827	0.3662	53.665508270	37.133937836	4	2	11.0
1563541829	0.4019	53.665527344	37.133926392	3	2	10.авг
1563541833	0.3885	53.665546417	37.133899689	3	2	10.июл
1563541839	0.2836	53.665569305	37.133872986	4	2	12.апр
1563541859	0.2367	53.665580750	37.133827209	4	2	13.фев
1563541913	0.2724	53.665557861	37.133872986	4	2	13.фев
1563541923	0.2635	53.665542603	37.133892059	3	2	13.май
1563541927	0.3573	53.665519714	37.133934021	3	2	11.май
1563541931	0.3483	53.665489197	37.133953094	4	2	11.мар
1563541935	0.3930	53.665462494	37.133945465	4	2	10.июл
1563541937	0.3483	53.665447235	37.133926392	4	2	11.мар
1563541941	0.3796	53.665435791	37.133892059	3	2	10.авг
1563541945	0.3751	53.665420532	37.133846283	4	2	10.сен
1563541949	0.3573	53.665405273	37.133811951	4	2	11.фев
1563541953	0.3349	53.665382385	37.133796692	4	2	11.авг
1563541959	0.4466	53.665355682	37.133785248	5	2	10.0
1563541963	0.4019	53.665340424	37.133754730	3	2	10.май
1563541971	0.3975	53.665336609	37.133720398	3	2	10.июн
1563541975	0.3260	53.665317535	37.133689880	3	2	11.июл
1563541979	0.3595	53.665290833	37.133659363	4	2	11.апр
1563541983	0.3528	53.665275574	37.133625031	4	2	11.мар
1563541993	0.3439	53.665252686	37.133632660	5	2	11.апр
1563541997	0.3349	53.665233612	37.133609772	4	2	11.май
1563542001	0.3796	53.665210724	37.133583069	4	2	10.авг
1563542005	0.3751	53.665195465	37.133567810	4	2	10.сен
1563542009	0.3439	53.665180206	37.133605957	4	2	12.0
1563542013	0.3573	53.665161133	37.133628845	3	2	11.май
1563542017	0.3640	53.665145874	37.133659363	4	2	11.мар
1563542055	0.4242	53.665134430	37.133686066	12	2	10.мар
1563542405	0.2970	53.665145874	37.133708954	7	2	12.мар
1563542409	0.4064	53.665115356	37.133720398	8	2	10.май
1563542412	0.3841	53.665092468	37.133739471	7	2	10.авг
1563542418	0.3528	53.665081024	37.133781433	5	2	11.мар
1563542422	0.4108	53.665054321	37.133754730	4	2	10.апр
1563542426	0.3372	53.665031433	37.133777618	3	2	11.сен
1563542428	0.4421	53.665016174	37.133781433	4	2	10.янв
1563542432	0.4108	53.664989471	37.133769989	3	2	10.апр
1563542436	0.3148	53.664958954	37.133758545	4	2	12.0
1563542440	0.3818	53.664928436	37.133724213	3	2	11.мар
1563542444	0.4153	53.664920807	37.133678436	3	2	10.апр
1563542452	0.3126	53.664905548	37.133636475	3	2	12.янв
1563542456	0.4019	53.664890289	37.133609772	5	2	10.май
1563542461	0.3550	53.664871216	37.133617401	6	2	11.май
1563542489	0.3841	53.664886475	37.133640289	6	2	11.апр
1563542491	0.3863	53.664905548	37.133655548	6	2	11.апр
1563542495	0.3305	53.664939880	37.133651733	6	2	12.сен
1563542497	0.3081	53.664958954	37.133640289	6	2	12.янв
1563542501	0.3841	53.664997101	37.133613586	7	2	10.авг
1563542505	0.3394	53.665016174	37.133598328	6	2	11.май
1563542506	0.3483	53.665035248	37.133609772	6	2	11.мар
1563542511	0.3617	53.665061951	37.133594513	6	2	11.янв
1563542515	0.3796	53.665081024	37.133609772	6	2	10.авг
1563542521	0.4421	53.665103912	37.133651733	7	2	10.янв
1563542527	0.3841	53.665134430	37.133670807	7	2	10.авг
1563542540	0.3305	53.665138245	37.133712769	6	2	11.авг
1563542545	0.3640	53.665142059	37.133754730	6	2	11.май
1563542549	0.3573	53.665168762	37.133792877	7	2	11.фев
1563542563	0.3394	53.665164948	37.133831024	6	2	11.май
1563542567	0.4242	53.665176392	37.133884430	7	2	10.мар
1563542571	0.3215	53.665199280	37.133911133	7	2	12.мар
1563542575	0.3416	53.665229797	37.133922577	7	2	12.0
1563542577	0.3617	53.665252686	37.133937836	8	2	11.май
1563542581	0.3528	53.665275574	37.133956909	8	2	11.мар
1563542585	0.3528	53.665309906	37.133975983	7	2	11.июн
1563542589	0.2992	53.665336609	37.133972168	7	2	12.янв
1563542591	0.3751	53.665355682	37.133964539	6	2	10.сен
1563542595	0.4242	53.665378571	37.133979797	7	2	10.мар
1563542599	0.3796	53.665397644	37.134029388	8	2	10.авг
1563542601	0.3930	53.665420532	37.134029388	8	2	10.июл
1563542605	0.3260	53.665458679	37.134052277	8	2	12.янв
1563542607	0.3483	53.665485382	37.134048462	8	2	11.мар
1563542611	0.3260	53.665508270	37.134002686	8	2	11.июл
1563542615	0.3215	53.665519714	37.133956909	7	2	11.авг
1563542617	0.2947	53.665531158	37.133926392	8	2	12.май
1563542621	0.3707	53.665546417	37.133907318	8	2	11.0
1563542625	0.2389	53.665573120	37.133899689	9	2	14.сен
1563542633	0.2367	53.665565491	37.133869171	9	2	13.сен
1563542653	0.1920	53.665584564	37.133819580	7	2	15.фев
1563542671	0.2099	53.665603638	37.133838654	12	2	14.апр
1563542721	0.2389	53.665611267	37.133808136	7	2	13.июн
1563542728	0.2746	53.665588379	37.133842468	8	2	13.0
1563542937	0.1965	53.665603638	37.133796692	7	2	14.июл
1563543003	0.3751	53.665584564	37.133800507	8	2	10.сен
1563543007	0.3751	53.665557861	37.133808136	13	2	10.сен
1563543011	0.2702	53.665534973	37.133773804	18	2	13.0
1563543013	0.3260	53.665508270	37.133758545	15	2	11.июл
1563543023	0.3349	53.665550232	37.133769989	20	2	11.май
1563543025	0.2992	53.665538788	37.133811951	20	2	12.июл
1563543029	0.3148	53.665515900	37.133804321	19	2	11.май
1563543039	0.2590	53.665580750	37.133739471	14	2	13.май
1563543045	0.2970	53.665561676	37.133766174	13	2	12.июн
1563543055	0.3104	53.665580750	37.133769989	14	2	12.май
1563543063	0.2925	53.665603638	37.133754730	16	2	12.мар
1563543065	0.3037	53.665588379	37.133777618	17	2	12.май
1563543067	0.2836	53.665569305	37.133796692	18	2	12.апр
1563543077	0.2858	53.665550232	37.133811951	19	2	13.фев
1563543083	0.2345	53.665512085	37.133773804	22	2	13.июн
1563543089	0.2412	53.665489197	37.133777618	18	2	14.янв
1563543095	0.2925	53.665515900	37.133831024	14	2	12.июл
1563543135	0.2166	53.665527344	37.133792877	17	2	14.апр
1563543157	0.3238	53.665542603	37.133888245	29	2	12.0
1563543159	0.3104	53.665550232	37.133930206	27	2	12.0
1563543161	0.2791	53.665542603	37.133899689	23	2	12.июл
1563543193	0.2813	53.665538788	37.133865356	18	2	12.янв
1563543205	0.2590	53.665554047	37.133815765	15	2	13.апр
1563543207	0.3126	53.665557861	37.133781433	16	2	11.авг
1563543211	0.2456	53.665542603	37.133750916	15	2	13.янв
1563543229	0.3104	53.665557861	37.133777618	22	2	12.авг
1563543237	0.3662	53.665580750	37.133789063	20	2	11.июн
1563543239	0.2724	53.665561676	37.133789063	20	2	12.июл
1563543259	0.2612	53.665504456	37.133773804	31	2	13.июл
1563543263	0.2903	53.665508270	37.133678436	23	2	12.мар
1563543275	0.3014	53.665485382	37.133735657	19	2	11.авг
1563543283	0.2791	53.665504456	37.133754730	20	2	13.янв
1563543297	0.3238	53.665531158	37.133789063	16	2	11.сен
1563543299	0.3997	53.665546417	37.133815765	19	2	11.янв
1563543309	0.2724	53.665569305	37.133777618	22	2	13.сен
1563543313	0.3349	53.665573120	37.133823395	20	2	12.0
1563543315	0.3394	53.665580750	37.133880615	22	2	11.май
1563543323	0.3148	53.665580750	37.133846283	18	2	12.фев
1563543329	0.2813	53.665588379	37.133815765	18	2	12.мар
1563543333	0.2590	53.665565491	37.133811951	18	2	13.июн
1563543339	0.3148	53.665580750	37.133831024	17	2	12.апр
1563543353	0.3506	53.665596008	37.133792877	23	2	11.май
1563543357	0.2568	53.665584564	37.133762360	23	2	13.июл
1563543361	0.2389	53.665576935	37.133724213	26	2	14.0
1563543365	0.2769	53.665554047	37.133708954	23	2	12.сен
1563543367	0.2635	53.665576935	37.133735657	20	2	12.авг
1563543369	0.2791	53.665561676	37.133750916	20	2	13.янв
1563543371	0.2501	53.665531158	37.133754730	20	2	14.янв
1563543379	0.3059	53.665554047	37.133747101	32	2	12.апр
1563543391	0.3059	53.665576935	37.133762360	30	2	12.фев
1563543393	0.3104	53.665519714	37.133758545	26	2	12.0
1563543395	0.3104	53.665500641	37.133747101	28	2	12.фев
1563543397	0.3461	53.665470123	37.133735657	27	2	11.май
1563543409	0.3238	53.665519714	37.133796692	24	2	12.мар
1563543423	0.2434	53.665458679	37.133773804	33	2	14.янв
1563543433	0.2992	53.665473938	37.133792877	40	2	12.янв
1563543437	0.2501	53.665473938	37.133827209	26	2	12.сен
1563543439	0.3439	53.665477753	37.133872986	25	2	11.май
1563543441	0.3372	53.665454865	37.133888245	27	2	12.янв
1563543445	0.2746	53.665470123	37.133838654	24	2	12.сен
1563543447	0.2769	53.665481567	37.133789063	22	2	12.авг
1563543448	0.2791	53.665493011	37.133754730	22	2	12.сен
1563543453	0.3238	53.665527344	37.133769989	16	2	12.фев
1563543493	0.3126	53.665557861	37.133834839	12	2	12.фев
1563543511	0.2858	53.665538788	37.133850098	6	2	12.май
1563544561	0.2679	53.665569305	37.133846283	4	2	13.сен
1563546759	0.3260	53.665569305	37.133811951	4	2	12.янв
1563546899	0.2121	53.665584564	37.133850098	3	2	14.янв
1563546919	0.2166	53.665576935	37.133903503	4	2	14.сен
1563546921	0.2032	53.665557861	37.133907318	3	2	13.июл
1563546925	0.3796	53.665542603	37.133937836	3	2	10.авг
1563546929	0.2947	53.665523529	37.133972168	3	2	12.янв
1563546933	0.3260	53.665508270	37.134017944	3	2	11.июл
1563546937	0.3037	53.665481567	37.134052277	4	2	12.май
1563546941	0.3885	53.665458679	37.134086609	4	2	10.июл
1563546943	0.3506	53.665443420	37.134105682	3	2	11.май
1563546945	0.2702	53.665428162	37.134128571	3	2	13.янв
1563546949	0.3774	53.665405273	37.134162903	4	2	11.июн
1563546957	0.3707	53.665382385	37.134166718	4	2	11.0
1563547227	0.3662	53.665363312	37.134174347	4	2	11.0
1563547293	0.3059	53.665382385	37.134159088	4	2	12.фев
1563548219	0.3081	53.665370941	37.134117126	4	2	12.янв
1563548259	0.3171	53.665348053	37.134159088	4	2	12.0
1563548261	0.2746	53.665332794	37.134181976	4	2	12.авг
1563548265	0.4443	53.665306091	37.134204865	5	2	10.авг
1563548269	0.3305	53.665275574	37.134201050	5	2	11.июн
1563548273	0.3751	53.665241241	37.134208679	4	2	10.сен
1563548275	0.3528	53.665218353	37.134212494	4	2	11.мар
1563548279	0.2836	53.665187836	37.134220123	4	2	12.сен
1563548283	0.4198	53.665153503	37.134220123	4	2	10.мар
1563548287	0.3841	53.665126801	37.134216309	5	2	10.авг
1563548291	0.3260	53.665103912	37.134231567	4	2	11.июл
1563548295	0.2992	53.665096283	37.134265900	4	2	12.авг
1563548301	0.3260	53.665073395	37.134319305	4	2	11.июл
1563548305	0.2836	53.665069580	37.134353638	4	2	12.июл
1563548311	0.3461	53.665046692	37.134391785	4	2	11.май
1563548321	0.3707	53.665054321	37.134357452	4	2	11.0
1563548327	0.3126	53.665046692	37.134307861	4	2	12.май
1563548331	0.3506	53.665039063	37.134269714	4	2	11.апр
1563548351	0.3707	53.665065765	37.134254456	4	2	11.0
1563548355	0.3439	53.665084839	37.134269714	5	2	11.апр
1563548361	0.2746	53.665061951	37.134307861	5	2	12.июн
1563548369	0.2702	53.665054321	37.134346008	4	2	13.апр
1563548393	0.3707	53.665039063	37.134376526	5	2	11.0
1563548411	0.2478	53.665050507	37.134426117	4	2	13.0
1563548415	0.3372	53.665061951	37.134452820	5	2	11.сен
1563548433	0.2970	53.665084839	37.134441376	4	2	12.авг
1563548439	0.3037	53.665088654	37.134407043	4	2	12.янв
1563548449	0.3483	53.665073395	37.134376526	4	2	11.мар
1563548455	0.3662	53.665092468	37.134384155	5	2	11.0
1563548491	0.3014	53.665096283	37.134414673	4	2	12.фев
1563548503	0.3215	53.665073395	37.134429932	5	2	11.авг
1563548601	0.2635	53.665073395	37.134426117	3	2	not provided
1563551018	0.3171	53.665088654	37.134407043	4	2	11.сен
1563551022	0.3126	53.665100098	37.134384155	5	2	12.мар
1563551034	0.3662	53.665088654	37.134422302	8	2	11.0
1563551040	0.3528	53.665065765	37.134441376	8	2	11.мар
1563551042	0.3930	53.665042877	37.134452820	9	2	10.июл
1563551054	0.3305	53.665031433	37.134510040	10	2	11.июн
1563551056	0.3595	53.665023804	37.134548187	9	2	11.мар
1563551060	0.3796	53.665008545	37.134582520	9	2	10.авг
1563551068	0.3238	53.664985657	37.134639740	11	2	12.0
1563551072	0.4064	53.664955139	37.134658813	10	2	10.май
1563551074	0.4778	53.664936066	37.134654999	10	2	09.июл
1563551082	0.2836	53.664886475	37.134666443	11	2	13.апр
1563551084	0.3394	53.664867401	37.134681702	12	2	11.май
1563551088	0.2880	53.664840698	37.134685516	10	2	12.май
1563551090	0.3037	53.664825439	37.134670258	10	2	12.мар
1563551092	0.2724	53.664810181	37.134643555	10	2	12.авг
1563551094	0.2657	53.664794922	37.134605408	9	2	13.апр
1563551096	0.2858	53.664779663	37.134567261	10	2	12.0
1563551098	0.2679	53.664764404	37.134532928	10	2	13.апр
1563551136	0.1831	53.664726257	37.134517670	8	2	15.авг
1563551144	0.2278	53.664718628	37.134563446	7	2	14.мар
1563551154	0.1831	53.664714813	37.134593964	10	2	14.июн
1563551158	0.1957	53.664695740	37.134624481	11	2	16.сен
1563551164	0.1444	53.664699554	37.134582520	8	2	16.сен
1563601440	0.2300	53.664642334	37.134433746	21	2	14.июл
1563601457	0.2144	53.664619446	37.134422302	4	2	14.июл
1563601479	0.1809	53.664649963	37.134395599	6	2	14.июл
1563601481	0.2322	53.664672852	37.134380341	6	2	14.мар
1563601485	0.3238	53.664710999	37.134349823	6	2	11.май
1563601487	0.2769	53.664730072	37.134338379	6	2	13.июн
1563601491	0.3528	53.664764404	37.134334564	6	2	11.мар
1563601493	0.4265	53.664783478	37.134342194	6	2	10.авг
1563601495	0.3305	53.664802551	37.134346008	6	2	12.0
1563601498	0.3349	53.664821625	37.134330750	6	2	12.май
1563601502	0.3975	53.664844513	37.134330750	6	2	10.июн
1563601504	0.4376	53.664863586	37.134319305	6	2	10.янв
1563601506	0.4466	53.664882660	37.134315491	7	2	10.0
1563601508	0.3707	53.664901733	37.134323120	6	2	11.0
1563601510	0.3349	53.664924622	37.134330750	7	2	11.авг
1563601512	0.3193	53.664943695	37.134330750	6	2	11.сен
1563601514	0.3930	53.664962769	37.134326935	6	2	10.июл
1563601516	0.3104	53.664985657	37.134346008	6	2	12.0
1563601518	0.3662	53.665004730	37.134357452	6	2	11.0
1563601520	0.3796	53.665023804	37.134357452	6	2	10.авг
1563601524	0.3059	53.665058136	37.134380341	7	2	12.апр
1563601526	0.3707	53.665081024	37.134387970	7	2	11.0
1563601530	0.2925	53.665103912	37.134391785	7	2	12.авг
1563601558	0.3595	53.665126801	37.134376526	3	2	11.апр
1563601598	0.3439	53.665100098	37.134384155	4	2	12.0
1563601723	0.3148	53.665119171	37.134391785	4	2	12.янв
1563607354	0.3327	53.665134430	37.134422302	5	2	12.фев
1563607378	0.3171	53.665161133	37.134387970	6	2	12.май
1563607382	0.3528	53.665176392	37.134357452	6	2	11.мар
1563607400	0.2992	53.665203094	37.134315491	5	2	12.авг
1563607404	0.2791	53.665218353	37.134281158	6	2	12.сен
1563607408	0.3104	53.665237427	37.134239197	7	2	12.0
1563607410	0.4376	53.665252686	37.134212494	6	2	10.янв
1563607414	0.3662	53.665264130	37.134166718	6	2	11.0
1563607420	0.3662	53.665260315	37.134136200	6	2	11.0
1563607424	0.4064	53.665264130	37.134078979	7	2	10.май
1563607426	0.3260	53.665264130	37.134044647	8	2	12.янв
1563607430	0.3617	53.665283203	37.133995056	7	2	11.янв
1563607445	0.2947	53.665267944	37.133968353	6	2	12.сен
1563607626	0.1809	53.665267944	37.133934021	5	2	15.апр
1563607654	0.2010	53.665256500	37.133907318	10	2	15.авг
1563610264	0.2836	53.665279388	37.133922577	4	2	12.авг
1563610276	0.2925	53.665294647	37.133911133	5	2	12.июл
1563610282	0.3841	53.665267944	37.133949280	6	2	10.авг
1563610284	0.4198	53.665287018	37.133968353	5	2	10.мар
1563610294	0.3707	53.665279388	37.134017944	4	2	11.0
1563610298	0.3573	53.665306091	37.134025574	4	2	11.фев
1563610300	0.3260	53.665328979	37.134033203	4	2	11.июл
1563610302	0.4064	53.665344238	37.134052277	3	2	10.май
1563610306	0.3305	53.665359497	37.134109497	4	2	11.июн
1563610308	0.4332	53.665374756	37.134128571	4	2	10.фев
1563610312	0.4287	53.665393829	37.134162903	3	2	10.фев
1563610316	0.4198	53.665405273	37.134212494	3	2	10.мар
1563610322	0.4198	53.665420532	37.134258270	3	2	10.мар
1563610326	0.3796	53.665428162	37.134296417	4	2	10.авг
1563610330	0.4019	53.665409088	37.134338379	4	2	10.май
1563610334	0.4064	53.665397644	37.134365082	3	2	10.май
1563610338	0.3573	53.665401459	37.134399414	4	2	11.фев
1563610342	0.4198	53.665420532	37.134437561	4	2	10.мар
1563610344	0.4332	53.665439606	37.134449005	4	2	10.авг
1563610350	0.3975	53.665462494	37.134471893	3	2	10.июн
1563610354	0.3863	53.665489197	37.134483337	3	2	11.мар
1563610358	0.3528	53.665512085	37.134494781	4	2	11.мар
1563610362	0.3930	53.665534973	37.134479523	4	2	10.июл
1563610366	0.3707	53.665557861	37.134483337	4	2	11.0
1563610370	0.3796	53.665584564	37.134490967	3	2	10.авг
1563610380	0.4064	53.665603638	37.134494781	6	2	10.май
1563610434	0.3528	53.665634155	37.134479523	6	2	11.мар
1563610436	0.2947	53.665615082	37.134464264	5	2	12.авг
1563610440	0.3796	53.665615082	37.134426117	3	2	10.авг
1563610444	0.2657	53.665618896	37.134380341	4	2	14.0
1563610450	0.3282	53.665637970	37.134323120	4	2	12.мар
1563610458	0.2211	53.665668488	37.134307861	4	2	14.мар
1563610472	0.2255	53.665645599	37.134288788	3	2	13.сен
1563610476	0.2144	53.665637970	37.134254456	3	2	14.янв
1563610480	0.2188	53.665618896	37.134258270	3	2	14.июн
1563610484	0.2523	53.665603638	37.134239197	3	2	13.сен
1563610488	0.4086	53.665584564	37.134216309	4	2	11.0
1563610492	0.3573	53.665569305	37.134201050	3	2	11.фев
1563610496	0.3104	53.665550232	37.134193420	3	2	12.апр
1563610500	0.3528	53.665538788	37.134159088	3	2	11.мар
1563610504	0.3327	53.665504456	37.134147644	3	2	11.июл
1563610508	0.3260	53.665493011	37.134120941	4	2	11.июл
1563610512	0.3349	53.665473938	37.134105682	3	2	11.май
1563610516	0.3305	53.665454865	37.134090424	3	2	11.июн
1563610520	0.2635	53.665428162	37.134101868	3	2	13.июн
1563610522	0.3975	53.665409088	37.134086609	3	2	10.июн
1563610526	0.4086	53.665386200	37.134040833	3	2	11.0
1563610530	0.3528	53.665355682	37.134017944	4	2	11.мар
1563610534	0.3483	53.665328979	37.134006500	3	2	11.мар
1563610540	0.3930	53.665294647	37.134014130	4	2	10.июл
1563610548	0.3349	53.665275574	37.134021759	3	2	12.0
1563610550	0.3148	53.665256500	37.134037018	4	2	12.0
1563610554	0.3550	53.665233612	37.134025574	4	2	11.май
1563610556	0.3394	53.665214539	37.134010315	4	2	11.май
1563610558	0.3617	53.665206909	37.133975983	4	2	11.мар
1563610562	0.3707	53.665180206	37.133987427	4	2	11.0
1563610566	0.3617	53.665164948	37.134033203	4	2	11.янв
1563610570	0.3372	53.665142059	37.134044647	4	2	12.0
1563610574	0.3349	53.665107727	37.134033203	3	2	11.июл
1563610578	0.4287	53.665081024	37.134033203	4	2	10.фев
1563610582	0.3818	53.665054321	37.134010315	4	2	11.фев
1563610586	0.3349	53.665046692	37.133960724	4	2	12.0
1563610590	0.3707	53.665019989	37.133953094	4	2	11.мар
1563610594	0.3439	53.664985657	37.133945465	3	2	11.апр
1563610596	0.3461	53.664966583	37.133941650	3	2	11.сен
1563610600	0.3885	53.664936066	37.133953094	3	2	11.янв
1563610604	0.3573	53.664913177	37.133926392	3	2	11.фев
1563610608	0.3305	53.664882660	37.133907318	3	2	12.0
1563610612	0.3573	53.664859772	37.133884430	3	2	11.фев
1563610618	0.3662	53.664836884	37.133895874	4	2	11.0
1563610624	0.3796	53.664829254	37.133930206	4	2	10.сен
1563610628	0.3126	53.664833069	37.133968353	3	2	12.янв
1563610632	0.3885	53.664836884	37.134021759	3	2	10.июл
1563610636	0.3573	53.664852142	37.134056091	4	2	11.фев
1563610638	0.3483	53.664871216	37.134071350	4	2	11.мар
1563610640	0.3104	53.664886475	37.134090424	4	2	12.0
1563610644	0.3841	53.664909363	37.134113312	4	2	11.фев
1563610648	0.3394	53.664928436	37.134147644	4	2	11.авг
1563610652	0.2925	53.664932251	37.134193420	3	2	12.апр
1563610656	0.3327	53.664939880	37.134243011	3	2	12.0
1563610658	0.3863	53.664958954	37.134254456	4	2	11.мар
1563610662	0.3327	53.664981842	37.134254456	4	2	12.0
1563610668	0.3841	53.664997101	37.134197235	4	2	10.авг
1563610672	0.3171	53.665008545	37.134155273	3	2	12.0
1563610676	0.3394	53.665012360	37.134109497	4	2	11.авг
1563610682	0.3617	53.665023804	37.134059906	5	2	11.янв
1563610686	0.3037	53.665027618	37.134014130	4	2	12.июн
1563610690	0.3260	53.665019989	37.133956909	4	2	12.янв
1563610694	0.3528	53.665027618	37.133903503	3	2	11.мар
1563610698	0.3573	53.665031433	37.133869171	4	2	11.фев
1563610700	0.3841	53.665046692	37.133857727	4	2	10.авг
1563610702	0.4153	53.665061951	37.133834839	3	2	10.апр
1563610706	0.3975	53.665088654	37.133846283	4	2	10.июн
1563610710	0.4287	53.665092468	37.133884430	3	2	10.фев
1563610714	0.3081	53.665115356	37.133895874	3	2	12.мар
1563610718	0.3483	53.665138245	37.133899689	3	2	11.мар
1563610722	0.3483	53.665164948	37.133888245	4	2	11.мар
1563610724	0.4734	53.665176392	37.133857727	4	2	10.апр
1563610728	0.4287	53.665184021	37.133808136	3	2	10.фев
1563610742	0.4153	53.665187836	37.133750916	3	2	10.апр
1563610748	0.3595	53.665218353	37.133743286	3	2	11.июн
1563610752	0.3528	53.665237427	37.133758545	4	2	11.мар
1563610758	0.4153	53.665256500	37.133781433	4	2	10.апр
1563610762	0.4108	53.665264130	37.133808136	3	2	10.апр
1563610766	0.3841	53.665267944	37.133842468	3	2	10.авг
1563610772	0.3751	53.665264130	37.133888245	4	2	10.сен
1563610778	0.2880	53.665264130	37.133918762	4	2	12.сен
1563613700	0.3796	53.665260315	37.133857727	7	2	10.авг
1563613704	0.3483	53.665287018	37.133804321	7	2	11.мар
1563613708	0.3662	53.665290833	37.133762360	7	2	11.0
1563613714	0.4108	53.665328979	37.133735657	8	2	10.апр
1563613716	0.3841	53.665348053	37.133739471	8	2	11.фев
1563613718	0.3707	53.665363312	37.133716583	6	2	11.0
1563613720	0.3394	53.665382385	37.133705139	7	2	11.май
1563613722	0.3573	53.665397644	37.133693695	8	2	11.фев
1563613732	0.3171	53.665405273	37.133605957	9	2	12.мар
1563613736	0.2947	53.665424347	37.133579254	8	2	12.июн
1563613740	0.2947	53.665435791	37.133541107	9	2	13.0
1563613744	0.2590	53.665428162	37.133495331	9	2	13.май
1563613746	0.2300	53.665409088	37.133472443	9	2	13.сен
1563613748	0.2612	53.665386200	37.133457184	9	2	13.0
1563613750	0.3171	53.665393829	37.133430481	9	2	12.0
1563613754	0.3416	53.665386200	37.133399963	8	2	11.июн
1563613758	0.3394	53.665405273	37.133377075	7	2	11.июл
1563613762	0.3528	53.665409088	37.133419037	7	2	11.мар
1563613790	0.2836	53.665428162	37.133430481	7	2	12.мар
1563613796	0.2903	53.665401459	37.133441925	7	2	12.май
1563613948	0.3081	53.665386200	37.133422852	7	2	12.мар
1563620904	0.3014	53.665405273	37.133441925	14	2	12.апр
1563620958	0.3841	53.665393829	37.133403778	7	2	10.авг
1563620970	0.3126	53.665401459	37.133453369	8	2	12.0
1563620974	0.3104	53.665401459	37.133491516	8	2	12.мар
1563620980	0.3081	53.665390015	37.133537292	9	2	12.май
1563620994	0.3126	53.665382385	37.133579254	7	2	12.май
1563620998	0.3528	53.665363312	37.133598328	8	2	11.мар
1563621002	0.4198	53.665351868	37.133628845	7	2	10.мар
1563621012	0.3215	53.665328979	37.133670807	7	2	11.авг
1563621016	0.3729	53.665302277	37.133697510	7	2	11.май
1563621018	0.3796	53.665287018	37.133728027	6	2	10.авг
1563621020	0.3573	53.665279388	37.133762360	6	2	11.фев
1563621022	0.4555	53.665271759	37.133792877	7	2	09.сен
1563621024	0.4153	53.665256500	37.133815765	6	2	10.апр
1563621028	0.3863	53.665252686	37.133865356	6	2	11.мар
1563621044	0.3394	53.665260315	37.133892059	5	2	11.май
1563621096	0.3372	53.665248871	37.133934021	5	2	12.0
1563621098	0.3461	53.665233612	37.133960724	6	2	11.сен
1563621100	0.3885	53.665222168	37.133983612	6	2	10.июл
1563621104	0.3796	53.665203094	37.134044647	6	2	10.авг
1563621106	0.3662	53.665199280	37.134078979	6	2	11.0
1563621108	0.4153	53.665191650	37.134113312	6	2	10.апр
1563621110	0.3975	53.665187836	37.134147644	5	2	10.июн
1563621114	0.3528	53.665168762	37.134197235	6	2	11.мар
1563621118	0.3595	53.665157318	37.134243011	6	2	11.май
1563621120	0.3260	53.665145874	37.134265900	6	2	11.июл
1563621124	0.3662	53.665130615	37.134315491	6	2	11.0
1563621126	0.3349	53.665115356	37.134330750	5	2	11.июл
1563621128	0.2724	53.665100098	37.134357452	5	2	13.май
1563621140	0.2099	53.665073395	37.134380341	7	2	15.авг
1563621144	0.3751	53.665042877	37.134380341	6	2	10.сен
1563621148	0.3260	53.665019989	37.134372711	5	2	12.янв
1563621152	0.3885	53.664989471	37.134361267	6	2	10.июл
1563621156	0.3684	53.664958954	37.134338379	6	2	11.май
1563621160	0.3372	53.664920807	37.134334564	6	2	11.май
1563621162	0.3662	53.664897919	37.134326935	7	2	11.0
1563621164	0.3171	53.664875031	37.134326935	6	2	12.мар
1563621166	0.3796	53.664855957	37.134338379	6	2	10.авг
1563621168	0.3528	53.664836884	37.134334564	6	2	11.мар
1563621172	0.3662	53.664802551	37.134338379	5	2	11.0
1563621174	0.3617	53.664779663	37.134342194	5	2	11.янв
1563621178	0.4287	53.664752960	37.134342194	6	2	10.авг
1563621182	0.3483	53.664726257	37.134357452	5	2	11.мар
1563621186	0.3014	53.664691925	37.134376526	5	2	12.июн
1563621188	0.3282	53.664669037	37.134395599	6	2	12.фев
1563621194	0.2456	53.664642334	37.134399414	5	2	14.0
1563621196	0.2121	53.664623260	37.134376526	5	2	14.июн
1563621198	0.2389	53.664608002	37.134361267	5	2	13.фев
1563621200	0.2144	53.664627075	37.134368896	6	2	14.июн
1563621202	0.2278	53.664642334	37.134387970	6	2	14.июл
1563621204	0.1719	53.664657593	37.134418488	6	2	15.апр
1563794732	0.1295	55.705348969	37.517108917	56	2	16.сен
1563794734	0.1436	55.705364227	37.517032623	58	2	16.сен
1563794738	0.1087	55.705348969	37.517009735	53	2	16.сен
1567755526	0.2635	53.664741516	37.134632111	3	2	not provided
1567755532	0.2188	53.664737701	37.134628296	3	2	not provided
1567755577	0.2478	53.664737701	37.134620667	5	2	13.июн
1567755581	0.3081	53.664775848	37.134624481	6	2	11.авг
1567755583	0.2970	53.664791107	37.134597778	5	2	12.авг
1567755587	0.3439	53.664810181	37.134544373	6	2	11.авг
1567755589	0.4309	53.664829254	37.134529114	6	2	10.мар
1567755593	0.4332	53.664863586	37.134540558	7	2	10.фев
1567755595	0.4019	53.664882660	37.134540558	6	2	10.май
1567755597	0.3662	53.664897919	37.134529114	6	2	11.0
1567755599	0.4064	53.664920807	37.134517670	6	2	10.май
1567755601	0.3930	53.664943695	37.134517670	6	2	10.июл
1567755607	0.4600	53.664970398	37.134498596	5	2	09.сен
1567755611	0.3707	53.665000916	37.134502411	3	2	11.0
1567755613	0.4242	53.665019989	37.134521484	4	2	10.мар
1567755615	0.4957	53.665035248	37.134552002	4	2	09.май
1567755617	0.4153	53.665050507	37.134582520	4	2	10.апр
1567755619	0.4064	53.665061951	37.134601593	4	2	10.май
1567755623	0.3707	53.665088654	37.134647369	4	2	11.0
1567755625	0.3751	53.665100098	37.134674072	4	2	10.сен
1567755627	0.4421	53.665107727	37.134700775	3	2	10.янв
1567755629	0.4332	53.665126801	37.134723663	4	2	10.фев
1567755633	0.4153	53.665153503	37.134742737	4	2	10.апр
1567755635	0.3930	53.665168762	37.134769440	3	2	10.июл
1567755637	0.3975	53.665191650	37.134788513	3	2	10.июн
1567755639	0.4734	53.665214539	37.134777069	4	2	09.июл
1567755641	0.4734	53.665214539	37.134735107	4	2	09.июл
1567755645	0.3930	53.665210724	37.134685516	4	2	10.июл
1567755649	0.3528	53.665206909	37.134635925	4	2	11.мар
1567755651	0.4108	53.665210724	37.134601593	4	2	10.апр
1567755655	0.4421	53.665225983	37.134567261	4	2	10.янв
1567755659	0.4778	53.665241241	37.134510040	4	2	09.июл
1567755661	0.4510	53.665248871	37.134479523	4	2	10.0
1567755663	0.3975	53.665264130	37.134456635	3	2	10.июн
1567755684	0.4600	53.665321350	37.134494781	7	2	09.сен
1567755690	0.4600	53.665344238	37.134532928	5	2	09.сен
1567755692	0.3930	53.665367126	37.134536743	5	2	10.июл
1567755696	0.4600	53.665393829	37.134532928	4	2	09.сен
1567755698	0.4555	53.665412903	37.134548187	4	2	09.сен
1567755700	0.4376	53.665431976	37.134552002	4	2	10.янв
1567755704	0.3394	53.665458679	37.134559631	4	2	11.май
1567755706	0.3841	53.665473938	37.134582520	4	2	10.авг
1567755708	0.3885	53.665496826	37.134590149	4	2	10.июл
1567755712	0.3707	53.665531158	37.134590149	4	2	11.0
1567755722	0.4421	53.665550232	37.134609222	4	2	10.янв
1567757222	0.3885	53.665565491	37.134624481	3	2	10.июл
1567757252	0.2903	53.665565491	37.134677887	4	2	12.июл
1567757254	0.4041	53.665550232	37.134704590	4	2	11.янв
1567757262	0.3796	53.665527344	37.134735107	4	2	10.авг
1567757264	0.3885	53.665508270	37.134735107	5	2	10.июл
1567757266	0.3841	53.665489197	37.134742737	4	2	10.авг
1567757268	0.3841	53.665473938	37.134761810	3	2	10.авг
1567757270	0.3550	53.665454865	37.134773254	3	2	11.май
1567757272	0.4287	53.665435791	37.134777069	4	2	10.фев
1567757274	0.3975	53.665424347	37.134799957	4	2	10.июн
1567757278	0.3975	53.665393829	37.134807587	4	2	10.июн
1567757282	0.4689	53.665363312	37.134819031	3	2	09.авг
1567757286	0.4064	53.665351868	37.134769440	4	2	10.май
1567757290	0.3439	53.665344238	37.134723663	4	2	11.апр
1567757294	0.3617	53.665340424	37.134674072	4	2	11.янв
1567757298	0.3975	53.665336609	37.134635925	4	2	10.июн
1567757302	0.5247	53.665340424	37.134681702	4	2	10.фев
1567757304	0.4242	53.665328979	37.134704590	3	2	10.мар
1567757318	0.3975	53.665355682	37.134727478	4	2	10.июн
1567757322	0.3394	53.665382385	37.134769440	5	2	11.май
1567757324	0.3908	53.665386200	37.134799957	4	2	10.авг
1567757328	0.4555	53.665390015	37.134864807	4	2	09.сен
1567757332	0.3841	53.665386200	37.134929657	4	2	10.авг
1567757334	0.4064	53.665378571	37.134960175	3	2	10.май
1567757338	0.4153	53.665393829	37.135002136	4	2	10.апр
1567757342	0.4019	53.665412903	37.135036469	3	2	10.май
1567757352	0.4912	53.665431976	37.135078430	4	2	09.май
1567757354	0.4868	53.665443420	37.135101318	4	2	09.июн
1567757356	0.4064	53.665454865	37.135128021	4	2	10.май
1567757358	0.4265	53.665466309	37.135158539	4	2	10.авг
1567757360	0.4108	53.665477753	37.135185242	4	2	10.апр
1567757362	0.3662	53.665489197	37.135211945	4	2	11.0
1567757366	0.3975	53.665504456	37.135253906	4	2	10.июн
1567757370	0.3841	53.665531158	37.135288239	4	2	10.авг
1567757374	0.3930	53.665538788	37.135337830	4	2	10.июл
1567757380	0.3617	53.665569305	37.135410309	4	2	11.янв
1567757384	0.3975	53.665580750	37.135433197	4	2	10.июн
1567757388	0.4064	53.665615082	37.135425568	4	2	10.май
1567757392	0.4019	53.665645599	37.135433197	4	2	10.май
1567757394	0.3707	53.665634155	37.135402679	5	2	11.0
1567757398	0.3841	53.665615082	37.135364532	4	2	10.авг
1567757400	0.3684	53.665615082	37.135334015	4	2	11.апр
1567757402	0.3930	53.665630341	37.135307312	4	2	10.июл
1567757404	0.3349	53.665630341	37.135269165	4	2	11.май
1567757410	0.3439	53.665641785	37.135181427	4	2	11.апр
1567757414	0.3305	53.665630341	37.135150909	4	2	11.июн
1567757418	0.3796	53.665611267	37.135139465	5	2	11.фев
1567757422	0.3528	53.665576935	37.135139465	4	2	11.мар
1567757426	0.4153	53.665546417	37.135112762	4	2	10.апр
1567757446	0.4242	53.665523529	37.135112762	4	2	10.мар
1567757454	0.4287	53.665508270	37.135082245	4	2	10.фев
1567757458	0.4332	53.665512085	37.135040283	4	2	10.фев
1567757462	0.4108	53.665500641	37.134994507	4	2	10.апр
1567757466	0.4153	53.665500641	37.134948730	4	2	10.апр
1567757470	0.4198	53.665489197	37.134899139	4	2	10.мар
1567757474	0.3930	53.665489197	37.134845734	4	2	10.июл
1567757478	0.3930	53.665477753	37.134803772	4	2	10.июл
1567757482	0.4778	53.665466309	37.134773254	4	2	09.июл
1567757484	0.3885	53.665458679	37.134742737	4	2	10.июл
1567757488	0.4332	53.665458679	37.134685516	4	2	10.фев
1567757492	0.3885	53.665454865	37.134651184	4	2	11.апр
1567757496	0.3841	53.665431976	37.134609222	4	2	10.авг
1567757500	0.3818	53.665412903	37.134593964	4	2	11.апр
1567757504	0.4064	53.665382385	37.134571075	4	2	10.май
1567757506	0.3751	53.665363312	37.134552002	4	2	10.сен
1567757510	0.3975	53.665336609	37.134513855	4	2	10.июн
1567757512	0.3796	53.665328979	37.134483337	5	2	10.авг
1567757514	0.3930	53.665332794	37.134452820	4	2	10.июл
1567757518	0.3885	53.665328979	37.134403229	4	2	10.июл
1567757520	0.4510	53.665328979	37.134372711	4	2	10.0
1567757524	0.4332	53.665340424	37.134323120	3	2	10.фев
1567757528	0.3841	53.665344238	37.134269714	4	2	10.авг
1567757532	0.4555	53.665374756	37.134258270	3	2	09.сен
1567757536	0.4600	53.665405273	37.134262085	3	2	09.сен
1567757540	0.3439	53.665435791	37.134239197	3	2	11.апр
1567757544	0.4466	53.665470123	37.134254456	3	2	10.0
1567757548	0.3975	53.665493011	37.134292603	4	2	10.июн
1567757552	0.4019	53.665515900	37.134334564	3	2	10.май
1567757554	0.3796	53.665515900	37.134365082	4	2	10.авг
1567757558	0.3841	53.665515900	37.134407043	4	2	10.авг
1567757562	0.4332	53.665531158	37.134452820	4	2	10.фев
1567757564	0.4778	53.665538788	37.134490967	4	2	09.июл
1567757568	0.3662	53.665538788	37.134544373	4	2	11.0
1567757572	0.4019	53.665538788	37.134582520	4	2	10.май
1567757578	0.4153	53.665565491	37.134590149	4	2	10.апр
1567760739	0.3483	53.665569305	37.134632111	4	2	11.мар
1567760743	0.3193	53.665573120	37.134662628	4	2	12.фев
1567760745	0.3707	53.665580750	37.134693146	4	2	11.0
1567760748	0.4064	53.665588379	37.134719849	5	2	10.май
1567760753	0.4510	53.665592194	37.134769440	5	2	10.0
1567760757	0.4064	53.665596008	37.134815216	4	2	10.май
1567760759	0.3684	53.665603638	37.134845734	4	2	11.июн
1567760763	0.3483	53.665626526	37.134887695	4	2	11.мар
1567760767	0.4064	53.665645599	37.134868622	4	2	10.май
1567760789	0.3751	53.665637970	37.134891510	4	2	10.сен
1567760807	0.3171	53.665611267	37.134918213	4	2	11.сен
1567760811	0.3975	53.665599823	37.134971619	4	2	10.июн
1567760815	0.4332	53.665573120	37.134979248	4	2	10.фев
1567760819	0.3573	53.665565491	37.135036469	5	2	11.фев
1567760823	0.3394	53.665546417	37.135066986	4	2	11.май
1567761295	0.3796	53.665538788	37.135097504	5	2	10.авг
1567762459	0.4421	53.665565491	37.135147095	3	2	10.янв
1567762463	0.4198	53.665576935	37.135189056	3	2	10.мар
1567762467	0.4466	53.665588379	37.135227203	3	2	10.0
1567762469	0.3662	53.665588379	37.135257721	3	2	11.0
1567762473	0.3193	53.665618896	37.135269165	3	2	12.0
1567762477	0.3617	53.665645599	37.135292053	4	2	11.янв
1567762481	0.3349	53.665649414	37.135345459	3	2	11.май
1567762485	0.3305	53.665637970	37.135406494	3	2	12.0
1567762487	0.4421	53.665645599	37.135440826	3	2	10.янв
1567762489	0.3617	53.665657043	37.135467529	3	2	11.янв
1567762491	0.3707	53.665676117	37.135482788	3	2	11.0
1567762493	0.3796	53.665691376	37.135467529	4	2	10.авг
1567762497	0.3930	53.665695190	37.135509491	4	2	10.июл
1567762501	0.4287	53.665699005	37.135559082	3	2	10.фев
1567762505	0.3684	53.665725708	37.135589600	3	2	11.янв
1567762511	0.2992	53.665740967	37.135601044	3	2	12.июл
1567762521	0.2992	53.665733337	37.135627747	4	2	12.апр
1567762523	0.3394	53.665725708	37.135658264	4	2	11.май
1567762527	0.3707	53.665718079	37.135711670	3	2	11.0
1567762531	0.3707	53.665699005	37.135730743	4	2	11.0
1567762535	0.4041	53.665676117	37.135719299	3	2	11.мар
1567762539	0.3595	53.665649414	37.135684967	4	2	11.май
1567762543	0.3394	53.665630341	37.135643005	4	2	11.май
1567762547	0.5002	53.665599823	37.135612488	3	2	09.апр
1567762551	0.3885	53.665580750	37.135559082	3	2	10.июл
1567762557	0.3126	53.665596008	37.135597229	3	2	12.0
1567762563	0.4466	53.665569305	37.135581970	3	2	10.0
1567762567	0.4555	53.665546417	37.135547638	3	2	09.сен
1567762577	0.3975	53.665523529	37.135532379	3	2	10.июн
1567762581	0.4153	53.665527344	37.135490417	3	2	10.апр
1567762585	0.4153	53.665519714	37.135448456	3	2	10.апр
1567762589	0.3952	53.665519714	37.135402679	3	2	11.янв
1567762593	0.4198	53.665523529	37.135368347	3	2	10.мар
1567762597	0.3930	53.665512085	37.135318756	3	2	10.июл
1567762599	0.4108	53.665515900	37.135288239	3	2	10.апр
1567762603	0.3796	53.665515900	37.135242462	3	2	10.авг
1567762607	0.3841	53.665512085	37.135211945	3	2	10.авг
1567762609	0.4153	53.665496826	37.135181427	4	2	10.апр
1567762613	0.4108	53.665485382	37.135143280	3	2	10.апр
1567762617	0.3707	53.665470123	37.135097504	3	2	11.0
1567762619	0.3975	53.665454865	37.135078430	4	2	10.июн
1567762623	0.4153	53.665431976	37.135055542	3	2	10.апр
1567762625	0.5046	53.665428162	37.135025024	3	2	09.апр
1567762627	0.4041	53.665435791	37.134994507	3	2	11.май
1567762633	0.4242	53.665451050	37.134963989	4	2	10.мар
1567762637	0.4778	53.665447235	37.134922028	3	2	09.июл
1567762641	0.4510	53.665431976	37.134883881	3	2	10.0
1567762645	0.3930	53.665416718	37.134841919	3	2	11.фев
1567762647	0.4019	53.665420532	37.134811401	3	2	10.май
1567762651	0.3930	53.665412903	37.134769440	3	2	10.июл
1567762653	0.3841	53.665405273	37.134738922	3	2	10.авг
1567762657	0.3975	53.665401459	37.134693146	4	2	10.июн
1567762661	0.3260	53.665397644	37.134651184	4	2	11.июл
1567762665	0.3930	53.665374756	37.134658813	3	2	10.июл
1567762669	0.4376	53.665351868	37.134689331	3	2	10.янв
1567762673	0.3930	53.665332794	37.134696960	3	2	10.июл
1567762679	0.4555	53.665287018	37.134674072	3	2	09.сен
1567762683	0.4108	53.665256500	37.134666443	3	2	10.апр
1567762685	0.4466	53.665241241	37.134647369	3	2	10.0
1567762689	0.3930	53.665210724	37.134635925	3	2	10.июл
1567762693	0.3796	53.665180206	37.134613037	3	2	10.авг
1567762697	0.3506	53.665149689	37.134590149	4	2	11.май
1567762701	0.4019	53.665134430	37.134552002	3	2	10.май
1567762705	0.4287	53.665111542	37.134510040	4	2	10.фев
1567762707	0.4332	53.665111542	37.134479523	3	2	10.фев
1567762711	0.3975	53.665138245	37.134471893	4	2	10.июн
1567762713	0.3439	53.665157318	37.134479523	4	2	11.апр
1567762717	0.4064	53.665176392	37.134525299	3	2	10.май
1567762723	0.3305	53.665206909	37.134498596	3	2	11.июн
1567762727	0.3483	53.665229797	37.134529114	3	2	11.мар
1567762731	0.3930	53.665248871	37.134548187	3	2	10.июл
1567762735	0.3796	53.665275574	37.134559631	4	2	10.авг
1567762739	0.3930	53.665298462	37.134536743	3	2	10.июл
1567762743	0.3885	53.665309906	37.134490967	3	2	10.июл
1567762747	0.3528	53.665321350	37.134437561	4	2	12.0
1567762751	0.4242	53.665344238	37.134433746	3	2	10.мар
1567762753	0.4510	53.665355682	37.134456635	3	2	10.0
1567762757	0.4064	53.665382385	37.134471893	3	2	10.май
1567762761	0.3439	53.665412903	37.134498596	4	2	11.апр
1567762765	0.4376	53.665435791	37.134502411	4	2	10.июл
1567762769	0.4466	53.665458679	37.134532928	3	2	10.0
1567762773	0.4376	53.665489197	37.134525299	3	2	10.янв
1567762775	0.4600	53.665512085	37.134513855	4	2	09.сен
1567762779	0.4376	53.665538788	37.134483337	3	2	10.янв
1567762781	0.4421	53.665557861	37.134494781	3	2	10.янв
1567762785	0.4108	53.665588379	37.134513855	3	2	10.апр
1567762789	0.4064	53.665615082	37.134548187	4	2	10.май
1567762793	0.3573	53.665637970	37.134529114	4	2	11.фев
1567762797	0.3439	53.665664673	37.134525299	4	2	11.апр
1567762801	0.2992	53.665691376	37.134502411	4	2	12.июл
1567762813	0.2300	53.665679932	37.134574890	4	2	14.0
1567762817	0.2278	53.665679932	37.134613037	4	2	13.апр
1567762825	0.3238	53.665676117	37.134666443	4	2	12.0
1567762833	0.3528	53.665679932	37.134704590	4	2	11.мар
1567762839	0.3416	53.665672302	37.134742737	3	2	11.июл
1567762849	0.3215	53.665657043	37.134788513	3	2	11.авг
1567762855	0.3104	53.665637970	37.134807587	3	2	12.фев
1567762871	0.3885	53.665653229	37.134826660	3	2	10.июл
1567762877	0.3617	53.665641785	37.134868622	3	2	11.янв
1567762881	0.4689	53.665630341	37.134910583	3	2	09.авг
1567762887	0.3930	53.665634155	37.134967804	3	2	10.июл
1567762891	0.3751	53.665649414	37.135009766	3	2	10.сен
1567762895	0.3751	53.665641785	37.135051727	3	2	10.сен
1567762901	0.3126	53.665657043	37.135089874	3	2	12.май
1567762917	0.3796	53.665657043	37.135128021	3	2	10.авг
1567762919	0.3662	53.665657043	37.135162354	3	2	11.май
1567762923	0.3439	53.665649414	37.135204315	3	2	11.апр
1567762927	0.3439	53.665657043	37.135238647	3	2	11.июн
1567762931	0.3908	53.665660858	37.135280609	4	2	11.0
1567762935	0.3215	53.665679932	37.135272980	4	2	12.0
1567762961	0.3975	53.665653229	37.135269165	4	2	10.июн
1567762965	0.3573	53.665622711	37.135257721	4	2	11.май
1567762969	0.4108	53.665588379	37.135219574	3	2	10.апр
1567762971	0.4376	53.665584564	37.135189056	3	2	10.янв
1567762973	0.4421	53.665584564	37.135158539	3	2	10.янв
1567762975	0.4108	53.665569305	37.135131836	3	2	10.апр
1567762979	0.3662	53.665546417	37.135108948	3	2	11.0
1567763997	0.3081	53.665538788	37.135082245	6	2	12.июл
1567764059	0.3305	53.665546417	37.135055542	6	2	11.июн
1567764067	0.4376	53.665565491	37.135017395	6	2	10.янв
1567764079	0.3885	53.665546417	37.135059357	7	2	10.июл
1567764115	0.4466	53.665534973	37.135025024	7	2	10.0
1567764121	0.3528	53.665542603	37.134948730	8	2	11.мар
1567764125	0.4287	53.665557861	37.134887695	8	2	10.фев
1567764129	0.3394	53.665573120	37.134838104	8	2	11.май
1567764131	0.4332	53.665573120	37.134803772	8	2	10.фев
1567764133	0.3975	53.665573120	37.134773254	7	2	10.июн
1567764155	0.3751	53.665569305	37.134738922	7	2	11.май
1567764157	0.3885	53.665569305	37.134708405	6	2	10.июл
1567764159	0.4108	53.665576935	37.134681702	8	2	10.апр
1567764161	0.3528	53.665592194	37.134658813	8	2	11.мар
1567764165	0.4242	53.665599823	37.134628296	7	2	10.мар
1567764169	0.3483	53.665596008	37.134586334	9	2	11.мар
1567764173	0.4198	53.665618896	37.134548187	9	2	10.мар
1567764175	0.3975	53.665641785	37.134552002	8	2	11.янв
1567764179	0.2903	53.665660858	37.134525299	8	2	13.фев
1567764181	0.2858	53.665679932	37.134494781	8	2	12.фев
1567764187	0.2612	53.665687561	37.134464264	8	2	14.мар
1567764227	0.2545	53.665672302	37.134494781	7	2	13.апр
1567764283	0.2612	53.665706635	37.134460449	5	2	13.янв
1567764980	0.2791	53.665687561	37.134460449	5	2	12.июл
1567765038	0.2970	53.665706635	37.134487152	37	2	13.0
1567765046	0.2278	53.665683746	37.134494781	57	2	13.июн
1567765124	0.2970	53.665668488	37.134544373	41	2	12.авг
1567765126	0.2389	53.665668488	37.134498596	29	2	13.май
1567765416	0.3461	53.665676117	37.134582520	27	2	11.сен
1567765770	0.3081	53.665691376	37.134468079	10	2	12.май
1567767237	0.2434	53.665714264	37.134471893	5	2	13.апр
1567767263	0.3014	53.665737152	37.134464264	12	2	12.0
1567767289	0.2545	53.665763855	37.134422302	11	2	13.апр
1567767297	0.3305	53.665756226	37.134391785	12	2	12.янв
1567767445	0.3059	53.665737152	37.134429932	4	2	12.янв
1567767461	0.2545	53.665699005	37.134445190	11	2	12.авг
1567767736	0.2568	53.665683746	37.134483337	5	2	12.июл
1567767763	0.3349	53.665699005	37.134445190	6	2	11.май
1567768004	0.3081	53.665710449	37.134365082	18	2	12.янв
1567768329	0.2412	53.665668488	37.134464264	5	2	13.май
1567768338	0.3305	53.665657043	37.134494781	5	2	12.0
1567768342	0.3528	53.665630341	37.134502411	6	2	11.мар
1567768346	0.4689	53.665603638	37.134540558	4	2	09.авг
1567768348	0.4242	53.665607452	37.134571075	4	2	10.мар
1567768350	0.3796	53.665603638	37.134601593	4	2	10.авг
1567768352	0.4153	53.665599823	37.134643555	4	2	10.апр
1567768354	0.3349	53.665580750	37.134666443	4	2	11.май
1567768358	0.4689	53.665557861	37.134689331	4	2	09.авг
1567768362	0.4287	53.665527344	37.134704590	4	2	10.фев
1567768366	0.3617	53.665496826	37.134719849	5	2	11.янв
1567768370	0.3930	53.665466309	37.134746552	4	2	10.июл
1567768372	0.4689	53.665451050	37.134765625	4	2	09.авг
1567768376	0.4957	53.665420532	37.134750366	4	2	09.май
1567768380	0.4466	53.665390015	37.134750366	4	2	10.0
1567768384	0.4689	53.665374756	37.134769440	5	2	09.авг
1567768386	0.3573	53.665351868	37.134773254	4	2	11.фев
1567768390	0.4689	53.665317535	37.134784698	6	2	09.авг
1567768394	0.3796	53.665290833	37.134792328	5	2	10.авг
1567768398	0.3617	53.665264130	37.134769440	5	2	11.янв
1567768400	0.3707	53.665241241	37.134754181	5	2	11.0
1567768402	0.4957	53.665222168	37.134761810	5	2	09.май
1567768404	0.3617	53.665203094	37.134757996	5	2	11.янв
1567768406	0.4108	53.665176392	37.134761810	5	2	10.апр
1567768407	0.4510	53.665161133	37.134780884	5	2	10.0
1567768411	0.4555	53.665130615	37.134765625	5	2	09.сен
1567768413	0.5002	53.665111542	37.134757996	5	2	09.апр
1567768416	0.4108	53.665092468	37.134754181	5	2	10.апр
1567768418	0.4064	53.665073395	37.134738922	5	2	10.май
1567768422	0.4064	53.665046692	37.134731293	5	2	10.май
1567768426	0.3818	53.665023804	37.134719849	5	2	11.мар
1567768430	0.4689	53.665000916	37.134716034	5	2	09.авг
1567768432	0.4064	53.664981842	37.134712219	6	2	11.0
1567768434	0.4287	53.664962769	37.134716034	6	2	10.фев
1567768436	0.4153	53.664943695	37.134704590	5	2	10.апр
1567768440	0.3573	53.664920807	37.134719849	6	2	11.фев
1567768444	0.3841	53.664890289	37.134727478	5	2	10.авг
1567768448	0.3305	53.664875031	37.134761810	5	2	11.авг
1567768452	0.2813	53.664848328	37.134746552	5	2	12.авг
1567768454	0.2836	53.664840698	37.134712219	5	2	13.0
1567768456	0.3037	53.664825439	37.134681702	5	2	12.май
1567768458	0.2635	53.664806366	37.134658813	4	2	12.авг
1567768460	0.3305	53.664791107	37.134643555	5	2	11.июн
1567768464	0.2523	53.664760590	37.134628296	5	2	14.0
1567768497	0.2501	53.664756775	37.134662628	6	2	13.фев
1569015069	0.0750	55.696063995	37.811779022	58	2	16.сен
1569015131	0.0652	55.696300507	37.811645508	46	2	16.сен
1569015133	0.0739	55.696319580	37.811798096	42	2	16.сен
1569015135	0.0882	55.696334839	37.811836243	39	2	16.сен
1569015137	0.0893	55.696342468	37.811862946	36	2	16.сен
